-0.014087
-0.017407
-0.0192715
-0.0193166
-0.0175087
-0.0140907
-0.00953049
-0.00442958
0.000676782
0.00536388
0.00931086
0.012296
0.0141937
0.0149834
0.0147428
0.0136363
0.0118993
0.00980697
0.00760526
0.00548897
0.00359584
0.00200604
0.000748025
-0.000178818
-0.000795435
-0.00113609
-0.00124382
-0.00116013
-0.000932387
-0.000602139
-0.000203693
0.000237473
0.000703094
0.00118139
0.00166381
0.00214324
0.0026101
0.00304988
0.00343778
0.00373488
0.00388396
0.0038095
0.00341915
0.00261153
0.00128741
-0.000632852
-0.00318988
-0.00636174
-0.0100439
-0.0140354
-0.0180409
-0.0216869
-0.0245546
-0.0262263
-0.0263391
-0.0246349
-0.0210033
-0.0155107
-0.00840819
-0.000109016
0.00885331
0.0178868
0.0264106
0.0339172
0.0400065
0.0443964
0.0469098
0.0474454
0.0459437
0.042363
0.036671
0.0288557
0.0189575
0.00712371
-0.00632931
-0.0208633
-0.0356984
-0.0498337
-0.0621186
-0.0713726
-0.0765336
-0.0768071
-0.0718043
-0.0616469
-0.0470042
-0.0290474
-0.00933184
0.0103911
0.0284062
0.0432536
0.0538927
0.0597969
0.0609689
0.0578762
0.0513342
0.0423688
0.0320701
0.0214575
0.0113794
0.002458
-0.00492529
-0.010606
-0.0145876
-0.0169837
-0.0179678
-0.0177353
-0.0164813
-0.0143906
-0.0116426
-0.00842069
-0.00492283
-0.00136512
0.00202018
0.00499898
0.00735625
0.0089174
0.00956392
0.00924427
0.00797551
0.00583591
0.00295148
-0.000517948
-0.00439326
-0.00848568
-0.0125978
-0.0165149
-0.0199951
-0.0227616
-0.0245035
-0.0248902
-0.0236014
-0.0203721
-0.0150446
-0.00762406
0.00166983
0.0123704
0.0237678
0.0349523
0.0448954
0.0525645
0.0570521
0.0576907
0.0541395
0.0464405
0.0350277
0.0206848
0.00446477
-0.0124198
-0.0287304
-0.0433351
-0.0553114
-0.0640156
-0.0691182
-0.0705966
-0.0686942
-0.0638603
-0.0566775
-0.0477801
-0.0377821
-0.0272263
-0.0165603
-0.00613445
0.00378337
0.0129895
0.0213306
0.0287001
0.0350363
0.0403163
0.0445427
0.0477271
0.0498734
0.0509678
0.0509798
0.0498714
0.0476133
0.0442004
0.0396659
0.0340915
0.0276161
0.0204338
0.012783
0.00492957
-0.00285902
-0.0103401
-0.0173123
-0.0236154
-0.0291189
-0.0337026
-0.0372372
-0.0395738
-0.0405481
-0.0399987
-0.0377965
-0.033882
-0.0283061
-0.0212681
-0.013135
-0.00443437
0.00418131
0.0120005
0.0183416
0.022643
0.0245383
0.0239083
0.020904
0.0159283
0.00958724
0.00261832
-0.00420031
-0.0101476
-0.0146442
-0.0173156
-0.0180289
-0.0168959
-0.0142432
-0.0105575
-0.00641489
-0.00240094
0.000967931
0.00330697
0.00440537
0.00424458
0.00298849
0.000949331
-0.0014624
-0.00379767
-0.0056329
-0.00662671
-0.00656296
-0.0053771
-0.00316258
-0.000153893
0.00330858
0.00682625
0.0099979
0.0124751
0.0140067
0.0144673
0.0138692
0.0123544
0.0101703
0.00763314
0.00508726
0.00285979
0.00122022
0.000349051
0.000318208
0.00108489
0.00250134
0.00433742
0.00631159
0.00812656
0.00950605
0.0102258
0.0101354
0.00917176
0.00736084
0.00480775
0.00167819
-0.00182454
-0.00548445
-0.00909497
-0.0124708
-0.0154497
-0.0178883
-0.0196544
-0.02062
-0.0206606
-0.0196631
-0.0175414
-0.014257
-0.0098455
-0.00444269
0.00169643
0.00819687
0.0145835
0.0203221
0.0248808
0.0277988
0.0287489
0.0275829
0.02436
0.0193471
0.0129905
0.00586641
-0.0013847
-0.00813607
-0.0138494
-0.0181315
-0.0207704
-0.0217468
-0.0212193
-0.0194881
-0.0169467
-0.0140271
-0.0111413
-0.00863065
-0.00672944
-0.00554385
-0.00505012
-0.00511076
-0.00550393
-0.00596016
-0.00620252
-0.00598662
-0.00513546
-0.00356649
-0.0013082
0.00149838
0.00461467
0.00773397
0.0105217
0.0126623
0.0139045
0.0140955
0.0132051
0.0113334
0.0086998
0.00561687
0.0024518
-0.000421306
-0.00267336
-0.00406587
-0.0044859
-0.00396612
-0.0026853
-0.000947562
0.000854856
0.0022923
0.00295799
0.00253025
0.000827357
-0.00215015
-0.00619735
-0.0109118
-0.0157308
-0.0199917
-0.0230117
-0.0241772
-0.0230259
-0.0193097
-0.0130343
-0.00446798
0.00589185
0.0173864
0.0292845
0.0408814
0.0515885
0.0609824
0.0688047
0.0749224
0.0792591
0.081714
0.0820903
0.0800527
0.0751204
0.0667022
0.054181
0.0370464
0.0150549
-0.0116215
-0.0422847
-0.0756542
-0.109891
-0.142703
-0.171509
-0.193647
-0.206649
-0.208549
-0.198155
-0.175269
-0.1408
-0.0967257
-0.0459051
0.00818344
0.0617444
0.110978
0.152387
0.183054
0.20088
0.204777
0.194768
0.17197
0.138451
0.0970208
0.0509869
0.0038672
-0.0408787
-0.0800854
-0.111106
-0.132015
-0.14173
-0.140063
-0.127709
-0.106165
-0.0775607
-0.044433
-0.00947469
0.024746
0.0560378
0.0827418
0.103774
0.118567
0.126958
0.129035
0.125035
0.115277
0.100163
0.0802014
0.0560456
0.0285692
-0.00107465
-0.0314371
-0.0607988
-0.0872489
-0.108842
-0.123809
-0.130761
-0.128893
-0.118161
-0.0993898
-0.0742413
-0.0450664
-0.0146276
0.0142959
0.0393155
0.0587358
0.0717073
0.0782157
0.078911
0.0748428
0.0671903
0.0570388
0.04523
0.0323049
0.0185502
0.00412531
-0.0107775
-0.0257908
-0.0402738
-0.0532953
-0.0637185
-0.0703636
-0.072202
-0.068575
-0.0594081
-0.0453398
-0.0277153
-0.0084461
0.0102718
0.0263499
0.0381802
0.0448836
0.0463948
0.0433798
0.0370102
0.0286751
0.0197143
0.011216
0.00389695
-0.00192973
-0.0062958
-0.00945119
-0.0117142
-0.0133379
-0.0144118
-0.0148311
-0.0143488
-0.0126765
-0.0095951
-0.00506958
0.000655713
0.00703628
0.0132902
0.0185255
0.0219261
0.0229618
0.0215349
0.0180121
0.0131457
0.00790549
0.003259
-3.33078e-05
-0.00155815
-0.00130616
0.000349476
0.00274208
0.00506078
0.00653159
0.00658267
0.00496249
0.00179866
-0.00242686
-0.00698835
-0.0110687
-0.0139185
-0.0150165
-0.0142019
-0.011722
-0.00818836
-0.00445474
-0.00141673
0.00022686
0.000155096
-0.00150223
-0.00420195
-0.00712604
-0.00938986
-0.0102502
-0.00926231
-0.0063655
-0.001893
0.00349686
0.00895897
0.0136374
0.0168334
0.0181346
0.0174862
0.0151794
0.0117596
0.00789596
0.00423941
0.00127559
-0.000792418
-0.00208346
-0.00300017
-0.00412109
-0.00602512
-0.00909334
-0.0133702
-0.0185183
-0.0238661
-0.0285394
-0.0316464
-0.0324531
-0.0305152
-0.0257513
-0.0184543
-0.00923969
0.00106037
0.0115312
0.0213075
0.0296806
0.036167
0.0405195
0.0426884
0.0427641
0.0409149
0.0373253
0.0321559
0.0255413
0.0176151
0.0085538
-0.00136439
-0.0117107
-0.0219014
-0.0312407
-0.0389986
-0.0445143
-0.0473015
-0.0471262
-0.0440427
-0.038388
-0.0307354
-0.0218133
-0.0123988
-0.00321071
0.00517841
0.0123983
0.0182954
0.0229021
0.0263723
0.0289082
0.0306891
0.0318102
0.0322518
0.03189
0.0305382
0.0280116
0.0242082
0.0191755
0.0131381
0.00648224
-0.000292341
-0.00665101
-0.0121148
-0.0163363
-0.0191508
-0.0205987
-0.0209074
-0.0204325
-0.0195728
-0.0186795
-0.0179785
-0.017525
-0.0171993
-0.016747
-0.0158488
-0.014202
-0.0116031
-0.00801941
-0.00362517
0.00121287
0.00599268
0.0101717
0.0132843
0.0150423
0.0153851
0.0144781
0.0126645
0.010383
0.00807593
0.00611287
0.0047401
0.00405588
0.00401499
0.00446101
0.00517872
0.00595148
0.00660846
0.00705327
0.00726714
0.00728443
0.00715512
0.00691195
0.00654586
0.00599223
0.00513657
0.00383745
0.00195703
-0.000602611
-0.0038608
-0.00773271
-0.012026
-0.016458
-0.0206895
-0.0243697
-0.0271797
-0.0288665
-0.0292627
-0.0282933
-0.0259723
-0.0223896
-0.0176915
-0.0120619
-0.00570762
0.00115171
0.00828548
0.0154463
0.0223629
0.0287373
0.0342464
0.0385521
0.0413223
0.0422629
0.0411515
0.0378736
0.0324548
0.0250787
0.0160875
0.00596629
-0.00468773
-0.0152144
-0.0249476
-0.0332729
-0.0396818
-0.0438144
-0.0454807
-0.0446588
-0.041478
-0.0361912
-0.0291408
-0.0207287
-0.0113927
-0.0015892
0.00821759
0.0175605
0.0259694
0.0329755
0.0381298
0.0410396
0.0414162
0.0391324
0.034272
0.0271514
0.0183058
0.00844728
-0.00160348
-0.0110058
-0.0189882
-0.0249276
-0.0284146
-0.0292935
-0.0276654
-0.0238572
-0.0183667
-0.011791
-0.00475262
0.00216419
0.00845807
0.013738
0.0177339
0.0202931
0.021364
0.0209745
0.0192127
0.0162105
0.0121353
0.00719059
0.00162008
-0.00429169
-0.0102255
-0.0158396
-0.0207897
-0.0247546
-0.0274616
-0.0287106
-0.028394
-0.0265095
-0.0231636
-0.0185637
-0.0130022
-0.00683169
-0.000434975
0.00580554
0.0115361
0.0164556
0.0203331
0.0230167
0.0244353
0.0245944
0.0235659
0.0214748
0.0184848
0.0147848
0.0105772
0.00606902
0.00146724
-0.00302445
-0.00720861
-0.0108992
-0.013929
-0.016159
-0.0174889
-0.0178651
-0.0172842
-0.0157922
-0.0134813
-0.0104816
-0.00694958
-0.00305661
0.00102273
0.00511986
0.00907483
0.012731
0.015926
0.0184856
0.0202261
0.0209678
0.0205591
0.0189078
0.0160108
0.0119748
0.0070255
0.00150525
-0.00415017
-0.00945423
-0.0139231
-0.0171372
-0.0188038
-0.0188013
-0.0171943
-0.0142255
-0.0102834
-0.00584691
-0.00141872
0.00253932
0.00566469
0.00773838
0.00869941
0.0086271
0.00770027
0.00614415
0.00417734
0.00197326
-0.000355108
-0.00274778
-0.00517561
-0.00760926
-0.0099837
-0.0121689
-0.0139613
-0.0150977
-0.0152896
-0.0142796
-0.0119085
-0.00817133
-0.00325161
0.0024679
0.00842825
0.0139587
0.0183667
0.0210412
0.0215586
0.0197696
0.015837
0.0102219
0.00362582
-0.00310823
-0.00911907
-0.0136466
-0.0161324
-0.0162928
-0.0141517
-0.0100243
-0.00446151
0.00183424
0.00810897
0.0136564
0.0178989
0.0204418
0.0211002
0.0198954
0.0170265
0.0128215
0.00768316
0.0020374
-0.00370777
-0.00918781
-0.0140905
-0.018156
-0.0211752
-0.0229875
-0.0234803
-0.022595
-0.0203379
-0.0167901
-0.0121178
-0.00657789
-0.000513141
0.00566796
0.0115222
0.0166111
0.0205456
0.0230275
0.0238804
0.0230687
0.0207012
0.0170179
0.0123615
0.00713711
0.00176838
-0.00334666
-0.00787161
-0.0115559
-0.014246
-0.0158843
-0.0164986
-0.0161844
-0.0150822
-0.0133571
-0.0111812
-0.00872029
-0.00612706
-0.00353925
-0.00107891
0.00114827
0.00305407
0.0045702
0.00565283
0.0062869
0.00648913
0.00630907
0.00582683
0.0051452
0.00437741
0.00363217
0.00299888
0.00253528
0.00226085
0.00215656
0.00217116
0.00223179
0.0022579
0.0021761
0.0019337
0.00150747
0.00090713
0.000172682
-0.000633883
-0.00144073
-0.00217781
-0.002787
-0.00322911
-0.00348715
-0.00356482
-0.00348258
-0.00327126
-0.00296462
-0.00259219
-0.00217493
-0.00172329
-0.00123862
-0.000716704
-0.000152638
0.000455148
0.00110144
0.00177231
0.00244383
0.00308181
0.0036422
0.0040739
0.00432398
0.00434551
0.00410574
0.00359462
0.00283078
0.00186343
0.000769751
-0.000350142
-0.00138359
-0.00222004
-0.00276761
-0.00296861
-0.00281353
-0.00234665
-0.00166042
-0.00088041
-0.000145456
0.000415577
0.000704461
0.000667873
0.000303294
-0.000342192
-0.00118209
-0.00210832
-0.00301395
-0.00381343
-0.00445569
-0.00492655
-0.00524068
-0.00542336
-0.00549084
-0.00543593
-0.00522094
-0.00477765
-0.00401931
-0.00286102
-0.00124321
0.000844745
0.00334281
0.00611111
0.00893632
0.0115519
0.0136681
0.0150123
0.0153687
0.0146114
0.0127279
0.00982902
0.00614063
0.00197771
-0.00229408
-0.00630224
-0.00971142
-0.0122585
-0.0137751
-0.0141953
-0.0135516
-0.0119605
-0.00959968
-0.0066811
-0.00342795
-5.64508e-05
0.00323504
0.00626913
0.00888313
0.0109315
0.0122857
0.0128386
0.0125121
0.0112692
0.00912032
0.00613156
0.0024318
-0.00178722
-0.0062785
-0.0107413
-0.0148458
-0.0182665
-0.0207168
-0.0219754
-0.0219075
-0.0204698
-0.0177027
-0.0137121
-0.00866026
-0.00280829
0.00348742
0.00979466
0.015621
0.0204544
0.0238938
0.0256968
0.0257912
0.0242782
0.0214111
0.0175141
0.0129412
0.00805158
0.00318759
-0.00134494
-0.00529751
-0.00849073
-0.0108209
-0.0122623
-0.0128605
-0.0127062
-0.0119196
-0.0106395
-0.00901154
-0.00717831
-0.00527641
-0.00342932
-0.00174097
-0.000290173
0.000870343
0.00171946
0.00226362
0.00253344
0.00257782
0.00245751
0.00223752
0.0019804
0.0017398
0.00155622
0.00145398
0.00144084
0.00150877
0.00163698
0.00179527
0.00194848
0.00206039
0.00209768
0.00203265
0.00184566
0.00152617
0.00107363
0.000497083
-0.00018498
-0.00094593
-0.00175199
-0.00256424
-0.0033404
-0.00403757
-0.00461463
-0.00503543
-0.00527115
-0.00530299
-0.00512354
-0.00473787
-0.00416303
-0.00342705
-0.00256647
-0.00162375
-0.000643811
0.000328926
0.00125362
0.00209497
0.00282497
0.00342326
0.00387743
0.00418215
0.0043386
0.00435323
0.0042371
0.0040048
0.00367403
0.00326471
0.00279856
0.00229814
0.00178609
0.00128387
0.000810769
0.000382623
1.10545e-05
-0.000297325
-0.000540855
-0.00072272
-0.000849955
-0.000932539
-0.000981867
-0.00100963
-0.00102645
-0.00104118
-0.00106012
-0.00108705
-0.00112306
-0.00116693
-0.00121526
-0.00126291
-0.00130305
-0.00132751
-0.00132689
-0.00129105
-0.00120956
-0.00107276
-0.000872741
-0.00060481
-0.000268738
0.000129911
0.000579143
0.00106019
0.00154821
0.00201346
0.00242348
0.00274551
0.0029494
0.00301026
0.00291098
0.00264382
0.00221149
0.00162709
0.0009135
0.000101729
-0.000770869
-0.00166298
-0.0025315
-0.00333391
-0.00403016
-0.00458457
-0.00496727
-0.00515567
-0.00513544
-0.00490149
-0.00445854
-0.00382142
-0.00301475
-0.00207224
-0.00103516
4.96057e-05
0.00113224
0.00216287
0.0030947
0.00388686
0.00450699
0.00493291
0.00515374
0.00516986
0.00499223
0.00464085
0.00414288
0.00353031
0.00283783
0.00210064
0.00135279
0.000625701
-5.28535e-05
-0.000659532
-0.00117591
-0.0015889
-0.00189093
-0.00208016
-0.00216035
-0.00214073
-0.00203536
-0.00186242
-0.00164292
-0.00139933
-0.00115396
-0.000927266
-0.000736393
-0.000593948
-0.000507205
-0.000477857
-0.000502207
-0.00057188
-0.00067481
-0.000796487
-0.000921192
-0.00103322
-0.00111789
-0.00116237
-0.0011563
-0.00109225
-0.000966014
-0.000776875
-0.000527714
-0.000225109
0.000120748
0.000496276
0.000885009
0.00126833
0.00162649
0.00193984
0.00219016
0.00236192
0.00244348
0.00242784
0.00231314
0.00210258
0.0018041
0.00142958
0.000993995
0.0005144
9.08512e-06
-0.000503153
-0.00100351
-0.00147351
-0.0018952
-0.00225142
-0.00252606
-0.00270455
-0.00277458
-0.00272695
-0.00255651
-0.0022631
-0.00185231
-0.00133586
-0.000731673
-6.33262e-05
0.000640832
0.00134904
0.00202772
0.00264326
0.00316377
0.00356075
0.0038106
0.00389579
0.00380595
0.0035385
0.0030992
0.00250228
0.00177039
0.000934026
3.0606e-05
-0.000896966
-0.00180228
-0.00263789
-0.00335807
-0.00392192
-0.00429626
-0.0044583
-0.00439769
-0.0041177
-0.00363546
-0.00298103
-0.00219551
-0.00132823
-0.000433315
0.000434126
0.00122181
0.00188384
0.00238367
0.00269636
0.00280997
0.00272601
0.002459
0.00203527
0.00149098
0.000869652
0.000219216
-0.000411137
-0.000974211
-0.00142793
-0.0017382
-0.00188124
-0.00184534
-0.00163174
-0.00125465
-0.000740358
-0.000125412
0.000545957
0.00122498
0.00186185
0.00240927
0.00282577
0.0030786
0.00314591
0.00301816
0.00269864
0.00220317
0.00155899
0.000803007
-2.05641e-05
-0.000862859
-0.00167333
-0.00240277
-0.00300628
-0.00344606
-0.00369375
-0.00373232
-0.00355733
-0.00317735
-0.00261362
-0.00189878
-0.00107489
-0.000190644
0.000701768
0.00155015
0.00230572
0.00292617
0.00337826
0.00363964
0.0036998
0.00356021
0.00323361
0.00274265
0.002118
0.00139617
0.000617182
-0.000177758
-0.000948422
-0.00165751
-0.00227233
-0.00276616
-0.00311931
-0.00331987
-0.00336402
-0.00325605
-0.00300795
-0.00263854
-0.00217231
-0.00163782
-0.00106591
-0.000487735
6.71545e-05
0.000572578
0.00100719
0.00135551
0.0016085
0.00176357
0.00182418
0.00179896
0.00170064
0.00154471
0.00134808
0.00112783
0.000900039
0.000678895
0.000475993
0.000299925
0.000156085
4.67252e-05
-2.88111e-05
-7.367e-05
-9.29443e-05
-9.30254e-05
-8.09123e-05
-6.35108e-05
-4.69966e-05
-3.62783e-05
-3.46254e-05
-4.34784e-05
-6.24731e-05
-8.96527e-05
-0.000121853
-0.000155195
-0.000185626
-0.000209441
-0.000223723
-0.000226645
-0.000217632
-0.000197355
-0.000167602
-0.00013104
-9.09225e-05
-5.07795e-05
-1.41217e-05
1.5821e-05
3.63126e-05
4.52892e-05
4.14947e-05
2.45947e-05
-4.74968e-06
-4.48418e-05
-9.2975e-05
-0.000145529
-0.000198168
-0.000246138
-0.000284658
-0.000309381
-0.000316876
-0.000305077
-0.000273621
-0.000224029
-0.000159677
-8.5547e-05
-7.77641e-06
6.69575e-05
0.000132129
0.000182058
0.000212515
0.000221158
0.000207749
0.000174138
0.000124013
6.24636e-05
-4.57645e-06
-7.0938e-05
-0.000130801
-0.000179193
-0.000212349
-0.00022793
-0.000225076
-0.000204329
-0.000167451
-0.000117171
-5.69057e-05
9.53433e-06
7.82243e-05
0.000145383
0.000207599
0.000262031
0.000306562
0.000339906
0.000361653
0.000372241
0.000372843
0.000365182
0.000351274
0.00033313
0.000312454
0.000290381
0.000267289
0.000242717
0.00021542
0.000183554
0.000144971
9.7609e-05
3.99106e-05
-2.87744e-05
-0.00010786
-0.000195323
-0.000287658
-0.000380017
-0.000466519
-0.000540712
-0.000596138
-0.000626956
-0.00062856
-0.000598123
-0.000535025
-0.000441119
-0.000320787
-0.000180799
-2.99424e-05
0.00012154
0.000262677
0.000382614
0.000471516
0.000521441
0.000527127
0.000486605
0.000401573
0.000277492
0.000123364
-4.88035e-05
-0.000224822
-0.000389383
-0.000527279
-0.000624684
-0.000670379
-0.000656824
-0.000580953
-0.000444645
-0.000254779
-2.28966e-05
0.000235536
0.000502194
0.000757214
0.000980661
0.00115402
0.00126163
0.00129188
0.00123816
0.00109946
0.000880601
0.000592017
0.000249198
-0.000128222
-0.000517664
-0.000895007
-0.00123611
-0.00151838
-0.00172225
-0.0018325
-0.00183934
-0.00173919
-0.00153503
-0.00123636
-0.000858723
-0.000422808
4.67719e-05
0.000523029
0.000978301
0.00138602
0.00172242
0.00196804
0.00210895
0.0021376
0.00205321
0.00186169
0.00157521
0.00121122
0.000791293
0.000339684
-0.000118255
-0.000557613
-0.000955392
-0.00129179
-0.00155125
-0.00172318
-0.00180237
-0.00178911
-0.00168888
-0.0015119
-0.00127229
-0.000987102
-0.000675167
-0.000355916
-4.8149e-05
0.000231108
0.000467603
0.000650654
0.000773692
0.000834509
0.000835194
0.000781777
0.000683602
0.000552481
0.000401712
0.000245034
9.56018e-05
-3.49297e-05
-0.00013716
-0.000204477
-0.000233358
-0.00022342
-0.000177254
-0.000100053
9.00198e-07
0.000116851
0.000238246
0.000355408
0.000459179
0.000541495
0.000595859
0.000617708
0.000604636
0.000556487
0.000475299
0.000365119
0.000231691
8.20515e-05
-7.59489e-05
-0.000234155
-0.000384609
-0.000520018
-0.000634131
-0.000722031
-0.000780304
-0.000807088
-0.000802027
-0.000766123
-0.000701542
-0.000611382
-0.000499435
-0.000369977
-0.000227591
-7.70333e-05
7.68664e-05
0.000229264
0.000375354
0.000510417
0.000629879
0.0007294
0.000804985
0.000853126
0.00087096
0.000856443
0.000808519
0.000727263
0.000614008
0.000471414
0.00030349
0.000115553
-8.58856e-05
-0.000293294
-0.000498373
-0.000692367
-0.000866439
-0.00101208
-0.00112157
-0.00118841
-0.00120776
-0.00117682
-0.0010951
-0.00096464
-0.000789999
-0.000578165
-0.000338269
-8.11491e-05
0.000181211
0.000436344
0.000672018
0.000876949
0.00104148
0.00115814
0.00122212
0.00123149
0.00118733
0.00109361
0.000956913
0.000785974
0.000591135
0.000383672
0.00017509
-2.35727e-05
-0.000202411
-0.000353219
-0.000469949
-0.000549015
-0.000589434
-0.000592794
-0.000563057
-0.000506197
-0.000429714
-0.000342044
-0.000251908
-0.000167655
-9.66247e-05
-4.45988e-05
-1.53638e-05
-1.04322e-05
-2.894e-05
-6.77326e-05
-0.000121636
-0.000183898
-0.00024676
-0.000302123
-0.000342253
-0.000360464
-0.000351727
-0.000313149
-0.000244285
-0.00014725
-2.6623e-05
0.000110845
0.000256708
0.000401434
0.000535109
0.000648167
0.000732105
0.000780114
0.000787584
0.000752456
0.000675385
0.000559719
0.000411289
0.000238035
4.94942e-05
-0.000143819
-0.000331086
-0.000501878
-0.000646817
-0.000758169
-0.000830314
-0.000860089
-0.000846946
-0.000792945
-0.000702561
-0.000582323
-0.000440325
-0.00028562
-0.000127563
2.48494e-05
0.000163599
0.000282169
0.000375938
0.000442399
0.000481213
0.000494076
0.000484427
0.000457029
0.000417452
0.00037152
0.000324767
0.000281943
0.000246625
0.000220946
0.000205472
0.000199229
0.000199865
0.000203939
0.000207294
0.000205493
0.000194277
0.000170005
0.00013004
7.30628e-05
-7.20036e-07
-8.94887e-05
-0.000189847
-0.000296988
-0.000404978
-0.000507137
-0.000596508
-0.000666357
-0.000710692
-0.000724753
-0.000705431
-0.000651586
-0.000564235
-0.000446582
-0.000303896
-0.000143222
2.70389e-05
0.000197664
0.000359214
0.000502664
0.000620016
0.000704835
0.000752684
0.000761416
0.000731294
0.000664958
0.000567211
0.000444665
0.000305274
0.000157774
1.10885e-05
-0.000126268
-0.000246736
-0.000344188
-0.000414281
-0.000454685
-0.000465161
-0.000447487
-0.000405255
-0.000343535
-0.000268448
-0.000186684
-0.000104981
-2.96272e-05
3.39889e-05
8.17513e-05
0.000111078
0.000121062
0.000112477
8.76588e-05
5.02706e-05
4.97127e-06
-4.29801e-05
-8.8157e-05
-0.000125399
-0.000150213
-0.000159121
-0.000149917
-0.000121834
-7.55986e-05
-1.33787e-05
6.13628e-05
0.000144108
0.000229587
0.000312134
0.000386058
0.000446016
0.000487365
0.000506456
0.000500878
0.000469616
0.000413122
0.000333304
0.000233418
0.000117888
-7.94349e-06
-0.000138123
-0.000266416
-0.000386651
-0.000493056
-0.00058056
-0.00064505
-0.000683561
-0.000694402
-0.000677206
-0.000632903
-0.000563636
-0.000472617
-0.000363936
-0.000242348
-0.000113036
1.86261e-05
0.00014731
0.000267946
0.000375923
0.000467257
0.000538732
0.000588004
0.000613673
0.000615321
0.000593505
0.00054972
0.000486318
0.0004064
0.000313664
0.000212244
0.000106518
9.14159e-07
-0.000100283
-0.000193112
-0.000274101
-0.000340395
-0.000389862
-0.000421154
-0.000433736
-0.000427877
-0.000404606
-0.000365641
-0.000313295
-0.000250357
-0.000179963
-0.000105454
-3.02346e-05
4.23774e-05
0.000109286
0.000167747
0.000215483
0.000250778
0.000272542
0.000280359
0.000274489
0.000255853
0.000225973
0.000186889
0.000141051
9.11848e-05
4.01454e-05
-9.23515e-06
-5.43008e-05
-9.27145e-05
-0.000122584
-0.000142564
-0.000151928
-0.000150604
-0.000139177
-0.000118852
-9.13789e-05
-5.89482e-05
-2.40576e-05
1.06407e-05
4.25053e-05
6.90716e-05
8.82119e-05
9.82766e-05
9.82116e-05
8.764e-05
6.69053e-05
3.70712e-05
-1.2461e-07
-4.23597e-05
-8.68575e-05
-0.000130551
-0.000170273
-0.000202958
-0.000225851
-0.000236699
-0.000233922
-0.000216746
-0.000185286
-0.000140577
-8.45415e-05
-1.99015e-05
4.99704e-05
0.000121244
0.000189864
0.000251796
0.000303289
0.000341115
0.000362783
0.000366708
0.000352325
0.000320138
0.000271702
0.000209538
0.000136987
5.80095e-05
-2.30472e-05
-0.000101714
-0.000173671
-0.000235002
-0.000282437
-0.000313543
-0.000326873
-0.000322041
-0.000299746
-0.00026172
-0.000210611
-0.000149814
-8.32477e-05
-1.51102e-05
5.03936e-05
0.000109316
0.000158215
0.000194367
0.000215932
0.000222057
0.000212915
0.000189674
0.000154402
0.000109907
5.95411e-05
6.95668e-06
-4.41425e-05
-9.0255e-05
-0.000128316
-0.000155895
-0.000171351
-0.000173923
-0.000163759
-0.000141891
-0.000110133
-7.09396e-05
-2.72228e-05
1.78633e-05
6.11445e-05
9.96446e-05
0.000130784
0.000152547
0.000163601
0.000163371
0.000152055
0.000130591
0.000100568
6.41018e-05
2.36775e-05
-1.80318e-05
-5.83471e-05
-9.47625e-05
-0.000125104
-0.000147663
-0.000161286
-0.000165433
-0.000160186
-0.000146218
-0.00012472
-9.73023e-05
-6.58655e-05
-3.24605e-05
8.5726e-07
3.21677e-05
5.98107e-05
8.24877e-05
9.93328e-05
0.00010995
0.000114415
0.000113239
0.000107302
9.77614e-05
8.59374e-05
7.31926e-05
6.08098e-05
4.98807e-05
4.1214e-05
3.52705e-05
3.21307e-05
3.14971e-05
3.27312e-05
3.49211e-05
3.69752e-05
3.77314e-05
3.60752e-05
3.10541e-05
2.19803e-05
8.51213e-06
-9.29223e-06
-3.09536e-05
-5.55844e-05
-8.19354e-05
-0.000108473
-0.000133481
-0.000155181
-0.000171864
-0.000182016
-0.000184441
-0.000178366
-0.000163512
-0.00014014
-0.000109062
-7.16063e-05
-2.95545e-05
1.49622e-05
5.95896e-05
0.0001019
0.000139545
0.000170416
0.000192774
0.000205378
0.000207561
0.000199284
0.000181139
0.000154314
0.00012052
8.18771e-05
4.07759e-05
-2.8353e-07
-3.88581e-05
-7.27243e-05
-0.000100025
-0.000119391
-0.000130023
-0.00013174
-0.000124978
-0.000110746
-9.05434e-05
-6.62428e-05
-3.99437e-05
-1.38147e-05
1.00693e-05
2.98811e-05
4.41754e-05
5.19934e-05
5.29299e-05
4.71594e-05
3.54167e-05
1.8937e-05
-6.43126e-07
-2.14138e-05
-4.13417e-05
-5.84281e-05
-7.08662e-05
-7.71831e-05
-7.63585e-05
-6.79098e-05
-5.19385e-05
-2.91336e-05
-7.33223e-07
3.15549e-05
6.56656e-05
9.93158e-05
0.00013016
0.00015595
0.000174691
0.000184782
0.000185123
0.0001752
0.000155124
0.000125629
8.80337e-05
4.41588e-05
-3.78044e-06
-5.33109e-05
-0.000101852
-0.000146869
-0.000186025
-0.000217314
-0.000239172
-0.000250557
-0.000250998
-0.000240605
-0.000220043
-0.000190475
-0.000153481
-0.000110948
-6.49573e-05
-1.76596e-05
2.8843e-05
7.26046e-05
0.000111927
0.000145427
0.000172088
0.000191271
0.000202721
0.000206534
0.000203119
0.000193141
0.000177457
0.000157051
0.00013297
0.000106271
7.79713e-05
4.90145e-05
2.025e-05
-7.57843e-06
-3.38325e-05
-5.79722e-05
-7.95438e-05
-9.81666e-05
-0.000113521
-0.000125342
-0.000133413
-0.000137574
-0.000137728
-0.000133857
-0.000126037
-0.000114456
-9.94257e-05
-8.13899e-05
-6.09261e-05
-3.87346e-05
-1.56186e-05
7.54577e-06
2.98487e-05
5.03928e-05
6.83429e-05
8.29762e-05
9.37286e-05
0.000100233
0.00010235
0.000100175
9.40458e-05
8.45147e-05
7.232e-05
5.83347e-05
4.35067e-05
2.87925e-05
1.50871e-05
3.1589e-06
-6.40812e-06
-1.32588e-05
-1.72937e-05
-1.86765e-05
-1.78197e-05
-1.53505e-05
-1.2057e-05
-8.82035e-06
-6.53635e-06
-6.03359e-06
-7.99364e-06
-1.28804e-05
-2.08845e-05
-3.18873e-05
-4.54489e-05
-6.08212e-05
-7.69871e-05
-9.27222e-05
-0.000106678
-0.000117475
-0.000123814
-0.000124572
-0.000118904
-0.000106324
-8.67682e-05
-6.06234e-05
-2.87357e-05
7.61986e-06
4.67968e-05
8.68645e-05
0.000125717
0.000161199
0.000191238
0.000213977
0.000227898
0.000231925
0.000225501
0.000208639
0.000181928
0.000146515
0.000104043
5.65576e-05
6.3947e-06
-4.39571e-05
-9.20006e-05
-0.000135375
-0.000171991
-0.000200151
-0.000218641
-0.000226792
-0.000224508
-0.000212261
-0.000191043
-0.000162297
-0.000127813
-8.96149e-05
-4.98254e-05
-1.05404e-05
2.6297e-05
5.90053e-05
8.62513e-05
0.000107112
0.000121103
0.000128185
0.000128727
0.000123457
0.000113385
9.97121e-05
8.37313e-05
6.67309e-05
4.99016e-05
3.42593e-05
2.0584e-05
9.38246e-06
8.73264e-07
-5.00419e-06
-8.55907e-06
-1.03e-05
-1.08723e-05
-1.09874e-05
-1.13489e-05
-1.25836e-05
-1.51804e-05
-1.94435e-05
-2.54623e-05
-3.31001e-05
-4.2003e-05
-5.16262e-05
-6.12778e-05
-7.0173e-05
-7.74988e-05
-8.24789e-05
-8.44386e-05
-8.28615e-05
-7.74345e-05
-6.80789e-05
-5.49637e-05
-3.85018e-05
-1.93281e-05
1.73709e-06
2.3738e-05
4.56422e-05
6.64034e-05
8.50253e-05
0.00010062
0.00011246
0.000120015
0.00012298
0.000121285
0.000115089
0.000104765
9.08632e-05
7.40787e-05
5.52e-05
3.50617e-05
1.44969e-05
-5.70695e-06
-2.48451e-05
-4.23242e-05
-5.76798e-05
-7.05854e-05
-8.08492e-05
-8.84038e-05
-9.32876e-05
-9.56227e-05
-9.55887e-05
-9.33986e-05
-8.92752e-05
-8.34336e-05
-7.60682e-05
-6.73469e-05
-5.74122e-05
-4.63872e-05
-3.43878e-05
-2.15377e-05
-7.98379e-06
6.08782e-06
2.04401e-05
3.47774e-05
4.87442e-05
6.19304e-05
7.38846e-05
8.41331e-05
9.22051e-05
9.76615e-05
0.000100125
9.93125e-05
9.50574e-05
8.7336e-05
7.62793e-05
6.21792e-05
4.54839e-05
2.67839e-05
6.78823e-06
-1.37079e-05
-3.38609e-05
-5.28223e-05
-6.9782e-05
-8.40118e-05
-9.4904e-05
-0.000102004
-0.000105034
-0.000103907
-9.87287e-05
-8.97923e-05
-7.7557e-05
-6.26228e-05
-4.56954e-05
-2.75469e-05
-8.97459e-06
9.24076e-06
2.63731e-05
4.17845e-05
5.4952e-05
6.5486e-05
7.31403e-05
7.78134e-05
7.9541e-05
7.84825e-05
7.49007e-05
6.91385e-05
6.15929e-05
5.26891e-05
4.28563e-05
3.25061e-05
2.20156e-05
1.17143e-05
1.87736e-06
-7.27772e-06
-1.55888e-05
-2.29443e-05
-2.92755e-05
-3.45473e-05
-3.87501e-05
-4.18906e-05
-4.39863e-05
-4.50607e-05
-4.51418e-05
-4.42623e-05
-4.24627e-05
-3.9794e-05
-3.63231e-05
-3.21357e-05
-2.73396e-05
-2.20649e-05
-1.64631e-05
-1.07027e-05
-4.96225e-06
5.77686e-07
5.74497e-06
1.03863e-05
1.43774e-05
1.76316e-05
2.01058e-05
2.18039e-05
2.27757e-05
2.31125e-05
2.29385e-05
2.24001e-05
2.16515e-05
2.08398e-05
2.00907e-05
1.94947e-05
1.90968e-05
1.88894e-05
1.88108e-05
1.87477e-05
1.85443e-05
1.80151e-05
1.69622e-05
1.51954e-05
1.25532e-05
8.92329e-06
4.2611e-06
-1.39638e-06
-7.92191e-06
-1.50963e-05
-2.26139e-05
-3.00959e-05
-3.71101e-05
-4.31975e-05
-4.79022e-05
-5.08047e-05
-5.15543e-05
-4.98998e-05
-4.57148e-05
-3.90164e-05
-2.99749e-05
-1.89137e-05
-6.29869e-06
7.28269e-06
2.11516e-05
3.45755e-05
4.68113e-05
5.71512e-05
6.49678e-05
6.97556e-05
7.11668e-05
6.90373e-05
6.34018e-05
5.4497e-05
4.27518e-05
2.87646e-05
1.32706e-05
-2.90147e-06
-1.88779e-05
-3.37926e-05
-4.68394e-05
-5.73213e-05
-6.46923e-05
-6.85909e-05
-6.88608e-05
-6.55599e-05
-5.89549e-05
-4.95029e-05
-3.78212e-05
-2.46474e-05
-1.07916e-05
2.91486e-06
1.56716e-05
2.6759e-05
3.55817e-05
4.17036e-05
4.48723e-05
4.50302e-05
4.23142e-05
3.70414e-05
2.96842e-05
2.08353e-05
1.11657e-05
1.37859e-06
-7.83825e-06
-1.58574e-05
-2.21522e-05
-2.6329e-05
-2.81502e-05
-2.75464e-05
-2.46168e-05
-1.96181e-05
-1.29442e-05
-5.09597e-06
3.35439e-06
1.18034e-05
1.96572e-05
2.63712e-05
3.14848e-05
3.46504e-05
3.56537e-05
3.44252e-05
3.10415e-05
2.57167e-05
1.87859e-05
1.06803e-05
1.89734e-06
-7.03279e-06
-1.55819e-05
-2.3257e-05
-2.96308e-05
-3.43658e-05
-3.72332e-05
-3.81228e-05
-3.7046e-05
-3.413e-05
-2.96058e-05
-2.3789e-05
-1.70568e-05
-9.82218e-06
-2.50637e-06
4.48716e-06
1.07967e-05
1.61222e-05
2.02401e-05
2.30124e-05
2.43901e-05
2.44099e-05
2.31866e-05
2.08998e-05
1.77781e-05
1.40809e-05
1.00789e-05
6.03613e-06
2.19329e-06
-1.24638e-06
-4.12692e-06
-6.34596e-06
-7.85648e-06
-8.66477e-06
-8.82456e-06
-8.42847e-06
-7.59724e-06
-6.46801e-06
-5.18229e-06
-3.87495e-06
-2.66453e-06
-1.64591e-06
-8.85343e-07
-4.18395e-07
-2.50304e-07
-3.58923e-07
-6.99343e-07
-1.21011e-06
-1.81992e-06
-2.45464e-06
-3.0436e-06
-3.52507e-06
-3.85021e-06
-3.98558e-06
-3.91379e-06
-3.63286e-06
-3.15401e-06
-2.4987e-06
-1.69487e-06
-7.7339e-07
2.35515e-07
1.30484e-06
2.41264e-06
3.54247e-06
4.68293e-06
5.82582e-06
6.96372e-06
8.08684e-06
9.17991e-06
1.02193e-05
1.11709e-05
1.19894e-05
1.26182e-05
1.2992e-05
1.30401e-05
1.26911e-05
1.18794e-05
1.05515e-05
8.67273e-06
6.23399e-06
3.25645e-06
-2.04692e-07
-4.05875e-06
-8.1806e-06
-1.24142e-05
-1.65786e-05
-2.04765e-05
-2.39045e-05
-2.66645e-05
-2.85758e-05
-2.94872e-05
-2.92877e-05
-2.79154e-05
-2.53643e-05
-2.16874e-05
-1.6997e-05
-1.14612e-05
-5.29671e-06
1.24099e-06
7.87035e-06
1.42983e-05
2.02357e-05
2.54131e-05
2.95947e-05
3.25923e-05
3.42742e-05
3.45734e-05
3.34897e-05
3.10899e-05
2.75031e-05
2.29124e-05
1.75447e-05
1.16569e-05
5.52161e-06
-5.87847e-07
-6.41203e-06
-1.17185e-05
-1.63127e-05
-2.00464e-05
-2.28225e-05
-2.45968e-05
-2.53763e-05
-2.52146e-05
-2.42044e-05
-2.24689e-05
-2.0151e-05
-1.74025e-05
-1.43744e-05
-1.12072e-05
-8.02359e-06
-4.92314e-06
-1.97956e-06
7.59864e-07
3.27222e-06
5.55516e-06
7.62134e-06
9.49215e-06
1.11909e-05
1.27367e-05
1.41389e-05
1.53931e-05
1.64793e-05
1.73618e-05
1.79907e-05
1.83064e-05
1.82444e-05
1.7742e-05
1.67453e-05
1.52159e-05
1.31373e-05
1.05197e-05
7.4029e-06
3.85765e-06
-1.58882e-08
-4.0915e-06
-8.22267e-06
-1.22499e-05
-1.60093e-05
-1.93419e-05
-2.2103e-05
-2.41706e-05
-2.54526e-05
-2.58927e-05
-2.54734e-05
-2.42165e-05
-2.21821e-05
-1.94641e-05
-1.61839e-05
-1.24832e-05
-8.51503e-06
-4.43453e-06
-3.9031e-07
3.48357e-06
7.07391e-06
1.0293e-05
1.30807e-05
1.54049e-05
1.7259e-05
1.86581e-05
1.96333e-05
2.02256e-05
2.04785e-05
2.04319e-05
2.01167e-05
1.95501e-05
1.87342e-05
1.7655e-05
1.62855e-05
1.4589e-05
1.25255e-05
1.00585e-05
7.16322e-06
3.83384e-06
9.05538e-08
-4.01506e-06
-8.39692e-06
-1.29337e-05
-1.74713e-05
-2.18278e-05
-2.5802e-05
-2.91834e-05
-3.17648e-05
-3.33558e-05
-3.37961e-05
-3.29683e-05
-3.08091e-05
-2.73174e-05
-2.256e-05
-1.66721e-05
-9.85472e-06
-2.36745e-06
5.48261e-06
1.33554e-05
2.08951e-05
2.77486e-05
3.35852e-05
3.81148e-05
4.11052e-05
4.23957e-05
4.1907e-05
3.96471e-05
3.5712e-05
3.02808e-05
2.36071e-05
1.60052e-05
7.83281e-06
-5.27635e-07
-8.69047e-06
-1.62872e-05
-2.29863e-05
-2.851e-05
-3.26487e-05
-3.52696e-05
-3.63223e-05
-3.58382e-05
-3.39255e-05
-3.07603e-05
-2.65728e-05
-2.16318e-05
-1.62272e-05
-1.06515e-05
-5.18261e-06
-6.79227e-08
4.48856e-06
8.33582e-06
1.13812e-05
1.35919e-05
1.49917e-05
1.56549e-05
1.56958e-05
1.52569e-05
1.44954e-05
1.35688e-05
1.2622e-05
1.17755e-05
1.11162e-05
1.06915e-05
1.05064e-05
1.05248e-05
1.06738e-05
1.08509e-05
1.09346e-05
1.07953e-05
1.0308e-05
9.36439e-06
7.88359e-06
5.82146e-06
3.17677e-06
-5.38108e-09
-3.63392e-06
-7.57522e-06
-1.166e-05
-1.56928e-05
-1.94636e-05
-2.27609e-05
-2.53849e-05
-2.71606e-05
-2.79495e-05
-2.76589e-05
-2.62489e-05
-2.37362e-05
-2.0194e-05
-1.57493e-05
-1.05766e-05
-4.88861e-06
1.07451e-06
7.05803e-06
1.28058e-05
1.80732e-05
2.26399e-05
2.63198e-05
2.89696e-05
3.04951e-05
3.08537e-05
3.00549e-05
2.81577e-05
2.52654e-05
2.15191e-05
1.70892e-05
1.21657e-05
6.94908e-06
1.64045e-06
-3.56662e-06
-8.49385e-06
-1.29841e-05
-1.69061e-05
-2.01565e-05
-2.2662e-05
-2.43782e-05
-2.52886e-05
-2.5402e-05
-2.475e-05
-2.3383e-05
-2.13677e-05
-1.87831e-05
-1.57184e-05
-1.227e-05
-8.53978e-06
-4.63265e-06
-6.55551e-07
3.28448e-06
7.08177e-06
1.06339e-05
1.38435e-05
1.66209e-05
1.88864e-05
2.05732e-05
2.16301e-05
2.20239e-05
2.17418e-05
2.07932e-05
1.92103e-05
1.70478e-05
1.43823e-05
1.13092e-05
7.93984e-06
4.39677e-06
8.08626e-07
-2.69559e-06
-5.99242e-06
-8.96963e-06
-1.15315e-05
-1.36029e-05
-1.5133e-05
-1.60964e-05
-1.64939e-05
-1.6351e-05
-1.57156e-05
-1.46535e-05
-1.32442e-05
-1.1575e-05
-9.73521e-06
-7.81077e-06
-5.87924e-06
-4.00568e-06
-2.23982e-06
-6.14543e-07
8.54087e-07
2.16553e-06
3.33203e-06
4.37508e-06
5.32103e-06
6.19653e-06
7.02405e-06
7.81799e-06
8.58154e-06
9.30494e-06
9.96487e-06
1.05254e-05
1.09406e-05
1.11576e-05
1.11216e-05
1.07812e-05
1.00931e-05
9.02829e-06
7.57549e-06
5.74527e-06
3.57177e-06
1.1131e-06
-1.55009e-06
-4.31764e-06
-7.07472e-06
-9.6977e-06
-1.20612e-05
-1.40453e-05
-1.55432e-05
-1.6468e-05
-1.67582e-05
-1.63826e-05
-1.53424e-05
-1.36725e-05
-1.14396e-05
-8.73914e-06
-5.69026e-06
-2.42913e-06
8.98416e-07
4.14501e-06
7.16975e-06
9.84577e-06
1.20667e-05
1.37519e-05
1.48499e-05
1.53398e-05
1.52314e-05
1.45624e-05
1.33953e-05
1.18118e-05
9.90722e-06
7.78396e-06
5.54504e-06
3.2883e-06
1.1012e-06
-9.43062e-07
-2.78819e-06
-4.39584e-06
-5.74541e-06
-6.83233e-06
-7.6655e-06
-8.2637e-06
-8.65185e-06
-8.85703e-06
-8.90495e-06
-8.81693e-06
-8.60791e-06
-8.28537e-06
-7.84945e-06
-7.29408e-06
-6.6091e-06
-5.78297e-06
-4.80606e-06
-3.67381e-06
-2.38985e-06
-9.6834e-07
5.64407e-07
2.1695e-06
3.79609e-06
5.38336e-06
6.86345e-06
8.16547e-06
9.22003e-06
9.96421e-06
1.03463e-05
1.03303e-05
9.89927e-06
9.05799e-06
7.83378e-06
6.27613e-06
4.45458e-06
2.45534e-06
3.76403e-07
-1.67802e-06
-3.60393e-06
-5.30383e-06
-6.69298e-06
-7.70472e-06
-8.29482e-06
-8.44419e-06
-8.1602e-06
-7.47597e-06
-6.44815e-06
-5.15292e-06
-3.68088e-06
-2.1308e-06
-6.02966e-07
8.07602e-07
2.01745e-06
2.9602e-06
3.59073e-06
3.88788e-06
3.85532e-06
3.52084e-06
2.93362e-06
2.16028e-06
1.27948e-06
3.75876e-07
-4.66498e-07
-1.17053e-06
-1.67198e-06
-1.92422e-06
-1.90184e-06
-1.60246e-06
-1.047e-06
-2.78006e-07
6.43422e-07
1.64232e-06
2.6354e-06
3.53738e-06
4.26735e-06
4.75502e-06
4.94605e-06
4.80639e-06
4.32506e-06
3.51542e-06
2.41456e-06
1.0811e-06
-4.08618e-07
-1.96554e-06
-3.4939e-06
-4.89765e-06
-6.08697e-06
-6.98431e-06
-7.52969e-06
-7.68466e-06
-7.43497e-06
-6.79145e-06
-5.78928e-06
-4.48562e-06
-2.95584e-06
-1.28847e-06
4.20506e-07
2.07394e-06
3.57961e-06
4.85605e-06
5.83743e-06
6.47743e-06
6.75163e-06
6.65852e-06
6.2189e-06
5.47391e-06
4.48171e-06
3.31325e-06
2.04724e-06
7.64838e-07
-4.55633e-07
-1.54357e-06
-2.44036e-06
-3.10253e-06
-3.50394e-06
-3.6366e-06
-3.51034e-06
-3.15121e-06
-2.59902e-06
-1.90396e-06
-1.12275e-06
-3.14553e-07
4.63028e-07
1.15771e-06
1.72559e-06
2.13365e-06
2.36116e-06
2.40039e-06
2.25622e-06
1.9451e-06
1.49317e-06
9.33984e-07
3.05807e-07
-3.51082e-07
-9.9711e-07
-1.59574e-06
-2.11551e-06
-2.5314e-06
-2.82581e-06
-2.98877e-06
-3.01777e-06
-2.91703e-06
-2.69649e-06
-2.37052e-06
-1.9566e-06
-1.47393e-06
-9.42339e-07
-3.81233e-07
1.91028e-07
7.57603e-07
1.30325e-06
1.81431e-06
2.2784e-06
2.68421e-06
3.02108e-06
3.27896e-06
3.44823e-06
3.51996e-06
3.48627e-06
3.34091e-06
3.07999e-06
2.70287e-06
2.21289e-06
1.6182e-06
9.32213e-07
1.73865e-07
-6.32556e-07
-1.45792e-06
-2.26931e-06
-3.03132e-06
-3.70791e-06
-4.26425e-06
-4.66894e-06
-4.89599e-06
-4.92678e-06
-4.7516e-06
-4.3708e-06
-3.79525e-06
-3.04636e-06
-2.15518e-06
-1.1611e-06
-1.09757e-07
9.49364e-07
1.96578e-06
2.89084e-06
3.68073e-06
4.29892e-06
4.71853e-06
4.92377e-06
4.91096e-06
4.68853e-06
4.27646e-06
3.70475e-06
3.01145e-06
2.23993e-06
1.43611e-06
6.45224e-07
-9.0981e-08
-7.37073e-07
-1.26602e-06
-1.66083e-06
-1.91528e-06
-2.034e-06
-2.0316e-06
-1.9312e-06
-1.7622e-06
-1.55777e-06
-1.35187e-06
-1.17644e-06
-1.05858e-06
-1.01825e-06
-1.06645e-06
-1.20422e-06
-1.42225e-06
-1.70153e-06
-2.0146e-06
-2.32765e-06
-2.60307e-06
-2.80246e-06
-2.88966e-06
-2.83393e-06
-2.61256e-06
-2.2132e-06
-1.63538e-06
-8.91297e-07
-5.61543e-09
9.85433e-07
2.036e-06
3.09307e-06
4.09969e-06
4.99833e-06
5.73457e-06
6.26049e-06
6.53787e-06
6.54072e-06
6.25718e-06
5.69045e-06
4.85895e-06
3.79541e-06
2.5452e-06
1.16384e-06
-2.86017e-07
-1.73811e-06
-3.12613e-06
-4.3874e-06
-5.46611e-06
-6.31624e-06
-6.90368e-06
-7.20784e-06
-7.22214e-06
-6.95399e-06
-6.42368e-06
-5.66285e-06
-4.71218e-06
-3.61885e-06
-2.43363e-06
-1.20816e-06
7.86496e-09
1.16896e-06
2.23585e-06
3.1768e-06
3.96842e-06
4.5959e-06
5.05262e-06
5.33937e-06
5.46314e-06
5.43567e-06
5.272e-06
4.98881e-06
4.60325e-06
4.13168e-06
3.58896e-06
2.98803e-06
2.33984e-06
1.65364e-06
9.37527e-07
1.99199e-07
-5.53191e-07
-1.31027e-06
-2.06068e-06
-2.79069e-06
-3.48393e-06
-4.12162e-06
-4.68299e-06
-5.14624e-06
-5.48956e-06
-5.69258e-06
-5.73773e-06
-5.61181e-06
-5.30724e-06
-4.82323e-06
-4.16652e-06
-3.35182e-06
-2.40159e-06
-1.34555e-06
-2.19552e-07
9.35853e-07
2.07733e-06
3.16074e-06
4.14345e-06
4.98634e-06
5.656e-06
6.12627e-06
6.37975e-06
6.4085e-06
6.21449e-06
5.8093e-06
5.21343e-06
4.45502e-06
3.56828e-06
2.59155e-06
1.56524e-06
5.29754e-07
-4.76531e-07
-1.41905e-06
-2.26848e-06
-3.00181e-06
-3.60292e-06
-4.06281e-06
-4.3792e-06
-4.55591e-06
-4.60183e-06
-4.5297e-06
-4.35472e-06
-4.09323e-06
-3.7614e-06
-3.37422e-06
-2.94461e-06
-2.48297e-06
-1.99702e-06
-1.49197e-06
-9.70962e-07
-4.3585e-07
1.12021e-07
6.70789e-07
1.23723e-06
1.80591e-06
2.36864e-06
2.91412e-06
3.428e-06
3.89316e-06
4.29044e-06
4.59959e-06
4.80052e-06
4.8746e-06
4.80616e-06
4.58383e-06
4.20182e-06
3.66082e-06
2.96878e-06
2.14104e-06
1.20028e-06
1.75782e-07
-8.97501e-07
-1.98045e-06
-3.03145e-06
-4.00833e-06
-4.8704e-06
-5.58048e-06
-6.10676e-06
-6.42448e-06
-6.51719e-06
-6.37771e-06
-6.00852e-06
-5.42176e-06
-4.63865e-06
-3.6886e-06
-2.60777e-06
-1.43746e-06
-2.22174e-07
9.92311e-07
2.16104e-06
3.2417e-06
4.19644e-06
4.99323e-06
5.60708e-06
6.02074e-06
6.22511e-06
6.21921e-06
6.00986e-06
5.61097e-06
5.04263e-06
4.32998e-06
3.50197e-06
2.59004e-06
1.62683e-06
6.44924e-07
-3.24226e-07
-1.25133e-06
-2.11001e-06
-2.87746e-06
-3.53485e-06
-4.06762e-06
-4.46557e-06
-4.72285e-06
-4.83776e-06
-4.81262e-06
-4.65334e-06
-4.36918e-06
-3.97227e-06
-3.47725e-06
-2.90074e-06
-2.26098e-06
-1.57727e-06
-8.69526e-07
-1.57728e-07
5.38519e-07
1.20057e-06
1.81114e-06
2.35486e-06
2.81859e-06
3.19189e-06
3.46715e-06
3.63992e-06
3.70883e-06
3.67568e-06
3.54514e-06
3.32461e-06
3.02374e-06
2.65404e-06
2.22833e-06
1.76022e-06
1.26356e-06
7.51979e-07
2.38379e-07
-2.65355e-07
-7.48682e-07
-1.20247e-06
-1.6191e-06
-1.99234e-06
-2.31725e-06
-2.58991e-06
-2.80723e-06
-2.96666e-06
-3.06602e-06
-3.10331e-06
-3.07673e-06
-2.9846e-06
-2.82563e-06
-2.59906e-06
-2.30507e-06
-1.9451e-06
-1.52234e-06
-1.04202e-06
-5.11831e-07
5.79304e-08
6.54219e-07
1.26141e-06
1.86153e-06
2.43481e-06
2.96032e-06
3.41692e-06
3.78412e-06
4.04327e-06
4.17857e-06
4.17814e-06
4.03491e-06
3.74736e-06
3.31996e-06
2.76344e-06
2.09453e-06
1.3356e-06
5.13784e-07
-3.40064e-07
-1.19275e-06
-2.01018e-06
-2.7591e-06
-3.40857e-06
-3.93162e-06
-4.30653e-06
-4.51804e-06
-4.55804e-06
-4.42607e-06
-4.1293e-06
-3.68219e-06
-3.1057e-06
-2.42624e-06
-1.67425e-06
-8.82705e-07
-8.5347e-08
6.84891e-07
1.39756e-06
2.02604e-06
2.54877e-06
2.95003e-06
3.22051e-06
3.35737e-06
3.36406e-06
3.24967e-06
3.02818e-06
2.71728e-06
2.33721e-06
1.90945e-06
1.45546e-06
9.95519e-07
5.47747e-07
1.27304e-07
-2.54072e-07
-5.8836e-07
-8.71155e-07
-1.10145e-06
-1.28107e-06
-1.41409e-06
-1.50603e-06
-1.56313e-06
-1.59155e-06
-1.59678e-06
-1.58308e-06
-1.5532e-06
-1.50819e-06
-1.44755e-06
-1.36939e-06
-1.2709e-06
-1.14885e-06
-1.0002e-06
-8.22651e-07
-6.15278e-07
-3.78903e-07
-1.16482e-07
1.6681e-07
4.63569e-07
7.64449e-07
1.05853e-06
1.33392e-06
1.57843e-06
1.7803e-06
1.92898e-06
2.01583e-06
2.03472e-06
1.98252e-06
1.85937e-06
1.66882e-06
1.41764e-06
1.11556e-06
7.74731e-07
4.09111e-07
3.36685e-08
-3.36373e-07
-6.86396e-07
-1.00308e-06
-1.27513e-06
-1.49371e-06
-1.65284e-06
-1.74952e-06
-1.78376e-06
-1.75828e-06
-1.67824e-06
-1.55068e-06
-1.38405e-06
-1.18752e-06
-9.70437e-07
-7.41787e-07
-5.09749e-07
-2.81325e-07
-6.2184e-08
1.4346e-07
3.32736e-07
5.03997e-07
6.56506e-07
7.90184e-07
9.05214e-07
1.00179e-06
1.07981e-06
1.13872e-06
1.1774e-06
1.19424e-06
1.18718e-06
1.15404e-06
1.09275e-06
1.00173e-06
8.80208e-07
7.28615e-07
5.48805e-07
3.44287e-07
1.20244e-07
-1.16482e-07
-3.57647e-07
-5.93884e-07
-8.15219e-07
-1.01155e-06
-1.17331e-06
-1.292e-06
-1.36084e-06
-1.37521e-06
-1.3331e-06
-1.23528e-06
-1.08545e-06
-8.90042e-07
-6.58031e-07
-4.00396e-07
-1.29602e-07
1.41165e-07
3.98676e-07
6.30496e-07
8.25632e-07
9.75234e-07
1.07304e-06
1.11576e-06
1.1032e-06
1.03826e-06
9.26638e-07
7.76506e-07
5.97876e-07
4.02019e-07
2.00667e-07
5.34997e-09
-1.73376e-07
-3.26479e-07
-4.47015e-07
-5.30414e-07
-5.7472e-07
-5.8053e-07
-5.50885e-07
-4.90882e-07
-4.07287e-07
-3.07925e-07
-2.01156e-07
-9.52076e-08
2.32173e-09
8.50196e-08
1.47974e-07
1.88099e-07
2.04176e-07
1.96896e-07
1.68625e-07
1.2319e-07
6.54433e-08
8.99911e-10
-6.47827e-08
-1.26174e-07
-1.78534e-07
-2.18067e-07
-2.42214e-07
-2.49707e-07
-2.40645e-07
-2.16328e-07
-1.79135e-07
-1.32198e-07
-7.91559e-08
-2.37593e-08
3.03778e-08
8.01331e-08
1.23031e-07
1.57462e-07
1.8268e-07
1.98855e-07
2.06897e-07
2.08361e-07
2.05157e-07
1.99373e-07
1.92957e-07
1.87552e-07
1.84243e-07
1.83491e-07
1.85014e-07
1.87869e-07
1.90479e-07
1.90863e-07
1.86781e-07
1.76044e-07
1.56702e-07
1.27354e-07
8.72806e-08
3.66627e-08
-2.34146e-08
-9.08984e-08
-1.62925e-07
-2.3592e-07
-3.05902e-07
-3.68693e-07
-4.20303e-07
-4.57167e-07
-4.76502e-07
-4.7648e-07
-4.56459e-07
-4.17005e-07
-3.59944e-07
-2.88198e-07
-2.05649e-07
-1.16812e-07
-2.65735e-08
6.02241e-08
1.39073e-07
2.06193e-07
2.58742e-07
2.9508e-07
3.14808e-07
3.18837e-07
3.09222e-07
2.89023e-07
2.61962e-07
2.32139e-07
2.03595e-07
1.79988e-07
1.6419e-07
1.58045e-07
1.6211e-07
1.7561e-07
1.96392e-07
2.21122e-07
2.45473e-07
2.64528e-07
2.73141e-07
2.66454e-07
2.40305e-07
1.91726e-07
1.19249e-07
2.3243e-08
-9.40017e-08
-2.28207e-07
-3.73309e-07
-5.21687e-07
-6.6464e-07
-7.92857e-07
-8.9707e-07
-9.68628e-07
-1.00018e-06
-9.86182e-07
-9.23431e-07
-8.1135e-07
-6.52229e-07
-4.51173e-07
-2.15989e-07
4.32254e-08
3.14532e-07
5.84845e-07
8.40601e-07
1.06859e-06
1.25665e-06
1.39447e-06
1.47412e-06
1.49061e-06
1.44213e-06
1.33025e-06
1.15974e-06
9.38423e-07
6.76652e-07
3.86769e-07
8.23717e-08
-2.22397e-07
-5.13677e-07
-7.78582e-07
-1.00592e-06
-1.1867e-06
-1.31458e-06
-1.38606e-06
-1.4006e-06
-1.36042e-06
-1.27034e-06
-1.13728e-06
-9.69781e-07
-7.77399e-07
-5.70136e-07
-3.57795e-07
-1.49489e-07
4.68674e-08
2.24847e-07
3.79782e-07
5.08788e-07
6.1077e-07
6.86195e-07
7.36883e-07
7.65603e-07
7.75756e-07
7.70922e-07
7.54556e-07
7.29613e-07
6.98368e-07
6.62212e-07
6.21657e-07
5.76336e-07
5.252e-07
4.66682e-07
3.99028e-07
3.20544e-07
2.29957e-07
1.26641e-07
1.09041e-08
-1.15913e-07
-2.51305e-07
-3.91681e-07
-5.32424e-07
-6.68158e-07
-7.9297e-07
-9.00806e-07
-9.85784e-07
-1.04263e-06
-1.06698e-06
-1.05574e-06
-1.00729e-06
-9.21682e-07
-8.00676e-07
-6.4773e-07
-4.67831e-07
-2.67316e-07
-5.35219e-08
1.65514e-07
3.81502e-07
5.86242e-07
7.72062e-07
9.32111e-07
1.06071e-06
1.15351e-06
1.20771e-06
1.22203e-06
1.19679e-06
1.13369e-06
1.03579e-06
9.07194e-07
7.52859e-07
5.78318e-07
3.89466e-07
1.92261e-07
-7.41495e-09
-2.03998e-07
-3.92309e-07
-5.67706e-07
-7.26078e-07
-8.63926e-07
-9.78299e-07
-1.06684e-06
-1.12769e-06
-1.15957e-06
-1.16165e-06
-1.13366e-06
-1.07585e-06
-9.89062e-07
-8.74736e-07
-7.35002e-07
-5.72667e-07
-3.91299e-07
-1.95158e-07
1.07717e-08
2.2093e-07
4.29233e-07
6.29306e-07
8.14625e-07
9.78823e-07
1.11588e-06
1.22047e-06
1.28816e-06
1.31568e-06
1.30111e-06
1.24409e-06
1.14579e-06
1.00902e-06
8.38121e-07
6.38827e-07
4.18028e-07
1.83541e-07
-5.62825e-08
-2.92842e-07
-5.17728e-07
-7.23019e-07
-9.01676e-07
-1.04777e-06
-1.15679e-06
-1.22571e-06
-1.25316e-06
-1.23934e-06
-1.18605e-06
-1.09644e-06
-9.74876e-07
-8.26658e-07
-6.57779e-07
-4.74581e-07
-2.83538e-07
-9.09312e-08
9.73238e-08
2.75921e-07
4.40244e-07
5.86509e-07
7.11747e-07
8.13851e-07
8.9147e-07
9.43997e-07
9.71411e-07
9.74242e-07
9.53411e-07
9.10202e-07
8.46136e-07
7.62982e-07
6.62667e-07
5.47335e-07
4.1929e-07
2.8108e-07
1.3545e-07
-1.45757e-08
-1.65761e-07
-3.1461e-07
-4.57478e-07
-5.90579e-07
-7.10142e-07
-8.12479e-07
-8.94183e-07
-9.5222e-07
-9.84143e-07
-9.88178e-07
-9.63409e-07
-9.09813e-07
-8.28385e-07
-7.21088e-07
-5.90882e-07
-4.41589e-07
-2.7782e-07
-1.04752e-07
7.20082e-08
2.4671e-07
4.13626e-07
5.67344e-07
7.02921e-07
8.16131e-07
9.03567e-07
9.62804e-07
9.92416e-07
9.92046e-07
9.62324e-07
9.04848e-07
8.22029e-07
7.17005e-07
5.93438e-07
4.55401e-07
3.0717e-07
1.53122e-07
-2.45386e-09
-1.55415e-07
-3.01914e-07
-4.3841e-07
-5.61768e-07
-6.6923e-07
-7.58484e-07
-8.27611e-07
-8.75135e-07
-8.99975e-07
-9.01502e-07
-8.79494e-07
-8.34213e-07
-7.66377e-07
-6.77242e-07
-5.68574e-07
-4.42724e-07
-3.02578e-07
-1.516e-07
6.26668e-09
1.66612e-07
3.24715e-07
4.75624e-07
6.14368e-07
7.36091e-07
8.36305e-07
9.11038e-07
9.57089e-07
9.72153e-07
9.55026e-07
9.05662e-07
8.25279e-07
7.16316e-07
5.82419e-07
4.28271e-07
2.59471e-07
8.22492e-08
-9.67427e-08
-2.70776e-07
-4.33293e-07
-5.78259e-07
-7.00379e-07
-7.95392e-07
-8.60199e-07
-8.9305e-07
-8.93537e-07
-8.62648e-07
-8.02623e-07
-7.16867e-07
-6.09696e-07
-4.86153e-07
-3.51683e-07
-2.11909e-07
-7.23055e-08
6.20031e-08
1.86514e-07
2.97465e-07
3.92008e-07
4.68216e-07
5.25141e-07
5.62708e-07
5.81668e-07
5.83405e-07
5.6983e-07
5.43144e-07
5.05717e-07
4.59871e-07
4.07788e-07
3.51355e-07
2.9214e-07
2.31316e-07
1.69723e-07
1.0786e-07
4.60209e-08
-1.56651e-08
-7.70691e-08
-1.38011e-07
-1.98105e-07
-2.56743e-07
-3.1299e-07
-3.65627e-07
-4.13119e-07
-4.53731e-07
-4.85564e-07
-5.06732e-07
-5.15437e-07
-5.10173e-07
-4.89808e-07
-4.53768e-07
-4.02079e-07
-3.35496e-07
-2.55468e-07
-1.64183e-07
-6.44468e-08
4.03579e-08
1.46476e-07
2.49888e-07
3.46561e-07
4.32587e-07
5.0444e-07
5.59095e-07
5.94247e-07
6.08364e-07
6.00834e-07
5.71931e-07
5.22864e-07
4.55651e-07
3.7308e-07
2.78504e-07
1.75742e-07
6.88304e-08
-3.81047e-08
-1.41092e-07
-2.36428e-07
-3.20884e-07
-3.91767e-07
-4.47064e-07
-4.85434e-07
-5.06277e-07
-5.09654e-07
-4.96297e-07
-4.67466e-07
-4.2492e-07
-3.70746e-07
-3.0731e-07
-2.37082e-07
-1.62603e-07
-8.63246e-08
-1.06019e-08
6.24303e-08
1.30838e-07
1.92974e-07
2.47435e-07
2.93122e-07
3.29174e-07
3.55023e-07
3.70323e-07
3.74997e-07
3.6917e-07
3.53224e-07
3.2773e-07
2.93505e-07
2.51548e-07
2.03087e-07
1.49508e-07
9.23875e-08
3.34058e-08
-2.56381e-08
-8.29359e-08
-1.3667e-07
-1.85137e-07
-2.26759e-07
-2.6021e-07
-2.84415e-07
-2.9867e-07
-3.02617e-07
-2.96328e-07
-2.80253e-07
-2.55261e-07
-2.22543e-07
-1.83619e-07
-1.40203e-07
-9.41791e-08
-4.74482e-08
-1.89293e-09
4.07731e-08
7.90298e-08
1.11677e-07
1.37828e-07
1.56991e-07
1.69025e-07
1.74174e-07
1.72974e-07
1.66251e-07
1.54999e-07
1.4035e-07
1.23443e-07
1.05394e-07
8.71774e-08
6.96164e-08
5.32934e-08
3.85832e-08
2.55973e-08
1.42599e-08
4.28963e-09
-4.69373e-09
-1.31639e-08
-2.15682e-08
-3.032e-08
-3.96875e-08
-4.98048e-08
-6.05891e-08
-7.1785e-08
-8.29205e-08
-9.33891e-08
-1.02442e-07
-1.09299e-07
-1.13167e-07
-1.1336e-07
-1.09316e-07
-1.00713e-07
-8.74633e-08
-6.97929e-08
-4.82021e-08
-2.35041e-08
3.26263e-09
3.08356e-08
5.7853e-08
8.28843e-08
1.04573e-07
1.21674e-07
1.33189e-07
1.38387e-07
1.36909e-07
1.28748e-07
1.1431e-07
9.43418e-08
6.99436e-08
4.24521e-08
1.34114e-08
-1.55729e-08
-4.2881e-08
-6.70302e-08
-8.67147e-08
-1.00936e-07
-1.0901e-07
-1.10658e-07
-1.05966e-07
-9.54226e-08
-7.98329e-08
-6.03103e-08
-3.8149e-08
-1.47893e-08
8.32781e-09
2.98007e-08
4.84049e-08
6.31134e-08
7.32054e-08
7.8249e-08
7.81677e-08
7.31787e-08
6.3816e-08
5.08302e-08
3.51798e-08
1.79075e-08
1.18699e-10
-1.71438e-08
-3.29128e-08
-4.64044e-08
-5.70045e-08
-6.43459e-08
-6.82602e-08
-6.88207e-08
-6.62624e-08
-6.09984e-08
-5.35194e-08
-4.43981e-08
-3.4186e-08
-2.34226e-08
-1.25457e-08
-1.91968e-09
8.22996e-09
1.77622e-08
2.66609e-08
3.49568e-08
4.27502e-08
5.01201e-08
5.71432e-08
6.38059e-08
7.00344e-08
7.56244e-08
8.02935e-08
8.3637e-08
8.52064e-08
8.44905e-08
8.10148e-08
7.43365e-08
6.41518e-08
5.02892e-08
3.2806e-08
1.19619e-08
-1.17104e-08
-3.74645e-08
-6.43054e-08
-9.10854e-08
-1.16503e-07
-1.39231e-07
-1.57934e-07
-1.71413e-07
-1.78623e-07
-1.78811e-07
-1.71516e-07
-1.5667e-07
-1.34567e-07
-1.05918e-07
-7.17728e-08
-3.35271e-08
7.19907e-09
4.85891e-08
8.87829e-08
1.25921e-07
1.58303e-07
1.84424e-07
2.03114e-07
2.13545e-07
2.15328e-07
2.08473e-07
1.93441e-07
1.71053e-07
1.4249e-07
1.09169e-07
7.27074e-08
3.47772e-08
-2.93461e-09
-3.88744e-08
-7.16429e-08
-1.00119e-07
-1.23448e-07
-1.41123e-07
-1.52932e-07
-1.58995e-07
-1.59675e-07
-1.55578e-07
-1.47437e-07
-1.36099e-07
-1.22401e-07
-1.07164e-07
-9.10789e-08
-7.47276e-08
-5.84976e-08
-4.26336e-08
-2.71881e-08
-1.21055e-08
2.79875e-09
1.77327e-08
3.29344e-08
4.8561e-08
6.47005e-08
8.12745e-08
9.80709e-08
1.14675e-07
1.30534e-07
1.44921e-07
1.57031e-07
1.65975e-07
1.709e-07
1.70994e-07
1.65611e-07
1.54278e-07
1.36801e-07
1.13251e-07
8.4039e-08
4.98684e-08
1.17709e-08
-2.89835e-08
-7.08833e-08
-1.123e-07
-1.51512e-07
-1.86842e-07
-2.16692e-07
-2.3968e-07
-2.54656e-07
-2.6082e-07
-2.5771e-07
-2.45285e-07
-2.2387e-07
-1.942e-07
-1.5733e-07
-1.14636e-07
-6.77012e-08
-1.82911e-08
3.1777e-08
8.06613e-08
1.26627e-07
1.68063e-07
2.03595e-07
2.3208e-07
2.52691e-07
2.64885e-07
2.6846e-07
2.63491e-07
2.50361e-07
2.2968e-07
2.02301e-07
1.69221e-07
1.31594e-07
9.06336e-08
4.76238e-08
3.82778e-09
-3.94916e-08
-8.11547e-08
-1.20036e-07
-1.55137e-07
-1.85549e-07
-2.10524e-07
-2.29424e-07
-2.41794e-07
-2.4731e-07
-2.45842e-07
-2.37407e-07
-2.22225e-07
-2.00668e-07
-1.73311e-07
-1.4087e-07
-1.04245e-07
-6.44499e-08
-2.26407e-08
1.99677e-08
6.20835e-08
1.02431e-07
1.39741e-07
1.72849e-07
2.00685e-07
2.22367e-07
2.37189e-07
2.44696e-07
2.44656e-07
2.37121e-07
2.22376e-07
2.00976e-07
1.73671e-07
1.41432e-07
1.05351e-07
6.66523e-08
2.65913e-08
-1.3546e-08
-5.25411e-08
-8.92351e-08
-1.22619e-07
-1.5181e-07
-1.76126e-07
-1.95045e-07
-2.08258e-07
-2.15611e-07
-2.17147e-07
-2.13031e-07
-2.03585e-07
-1.89207e-07
-1.70404e-07
-1.47715e-07
-1.21747e-07
-9.31063e-08
-6.24427e-08
-3.03898e-08
2.38506e-09
3.52331e-08
6.74709e-08
9.84325e-08
1.27418e-07
1.53752e-07
1.76737e-07
1.95723e-07
2.10073e-07
2.19237e-07
2.22727e-07
2.20198e-07
2.11426e-07
1.96385e-07
1.75217e-07
1.48301e-07
1.16208e-07
7.97508e-08
3.99177e-08
-2.10008e-09
-4.49974e-08
-8.73466e-08
-1.27705e-07
-1.64621e-07
-1.96746e-07
-2.22845e-07
-2.41907e-07
-2.53135e-07
-2.56049e-07
-2.50448e-07
-2.36485e-07
-2.14608e-07
-1.85597e-07
-1.50478e-07
-1.10533e-07
-6.71912e-08
-2.20242e-08
2.33788e-08
6.74203e-08
1.08615e-07
1.45593e-07
1.77204e-07
2.02503e-07
2.20832e-07
2.31777e-07
2.3523e-07
2.31318e-07
2.20437e-07
2.03171e-07
1.80308e-07
1.52744e-07
1.21494e-07
8.76014e-08
5.21481e-08
1.61679e-08
-1.93273e-08
-5.34271e-08
-8.52823e-08
-1.14174e-07
-1.39459e-07
-1.60637e-07
-1.77281e-07
-1.89105e-07
-1.95893e-07
-1.9756e-07
-1.94094e-07
-1.85608e-07
-1.72288e-07
-1.54449e-07
-1.3248e-07
-1.06903e-07
-7.83102e-08
-4.742e-08
-1.50077e-08
1.80497e-08
5.08503e-08
8.24335e-08
1.11866e-07
1.38215e-07
1.60643e-07
1.78379e-07
1.90814e-07
1.97472e-07
1.98091e-07
1.92584e-07
1.81104e-07
1.63993e-07
1.41821e-07
1.15318e-07
8.53974e-08
5.30689e-08
1.94508e-08
-1.43305e-08
-4.71295e-08
-7.7885e-08
-1.05604e-07
-1.29457e-07
-1.4875e-07
-1.63002e-07
-1.71901e-07
-1.75363e-07
-1.73468e-07
-1.66503e-07
-1.54881e-07
-1.39173e-07
-1.20016e-07
-9.81438e-08
-7.42924e-08
-4.92303e-08
-2.36746e-08
1.67325e-09
2.62001e-08
4.93351e-08
7.06114e-08
8.96102e-08
1.06014e-07
1.19545e-07
1.30013e-07
1.37257e-07
1.4119e-07
1.41744e-07
1.3892e-07
1.32741e-07
1.23304e-07
1.10737e-07
9.52567e-08
7.71245e-08
5.67051e-08
3.44161e-08
1.07829e-08
-1.36209e-08
-3.81288e-08
-6.20502e-08
-8.46375e-08
-1.05164e-07
-1.22901e-07
-1.37199e-07
-1.47468e-07
-1.53259e-07
-1.54241e-07
-1.50272e-07
-1.41364e-07
-1.2774e-07
-1.09785e-07
-8.8083e-08
-6.33491e-08
-3.64528e-08
-8.33198e-09
1.99939e-08
4.75186e-08
7.32404e-08
9.62564e-08
1.15749e-07
1.31073e-07
1.41725e-07
1.4742e-07
1.48044e-07
1.43704e-07
1.3467e-07
1.21407e-07
1.04498e-07
8.46654e-08
6.26861e-08
3.94052e-08
1.565e-08
-7.75278e-09
-3.00589e-08
-5.05805e-08
-6.87575e-08
-8.41201e-08
-9.63472e-08
-1.05217e-07
-1.10654e-07
-1.12669e-07
-1.114e-07
-1.07045e-07
-9.98968e-08
-9.02795e-08
-7.85814e-08
-6.51908e-08
-5.05358e-08
-3.50222e-08
-1.9077e-08
-3.09034e-09
1.25378e-08
2.74536e-08
4.13011e-08
5.3778e-08
6.45875e-08
7.34947e-08
8.028e-08
8.47962e-08
8.69227e-08
8.66226e-08
8.38958e-08
7.88341e-08
7.1571e-08
6.23331e-08
5.13842e-08
3.90713e-08
2.57631e-08
1.18901e-08
-2.12189e-09
-1.58152e-08
-2.877e-08
-4.05683e-08
-5.08628e-08
-5.93382e-08
-6.5776e-08
-7.00094e-08
-7.19814e-08
-7.16917e-08
-6.92473e-08
-6.48012e-08
-5.8596e-08
-5.08975e-08
-4.20333e-08
-3.23243e-08
-2.21228e-08
-1.17447e-08
-1.51145e-09
8.31443e-09
1.74816e-08
2.58084e-08
3.31293e-08
3.93481e-08
4.43788e-08
4.81957e-08
5.07717e-08
5.21274e-08
5.227e-08
5.12444e-08
4.90747e-08
4.5819e-08
4.15145e-08
3.62363e-08
3.00451e-08
2.30483e-08
1.53489e-08
7.10537e-09
-1.52135e-09
-1.03109e-08
-1.90417e-08
-2.74392e-08
-3.52401e-08
-4.21456e-08
-4.78916e-08
-5.22054e-08
-5.48784e-08
-5.57235e-08
-5.4646e-08
-5.15974e-08
-4.66406e-08
-3.98962e-08
-3.15989e-08
-2.2034e-08
-1.15843e-08
-6.56471e-10
1.02797e-08
2.07717e-08
3.03494e-08
3.8607e-08
4.51677e-08
4.97611e-08
5.21814e-08
5.23565e-08
5.02948e-08
4.61429e-08
4.01203e-08
3.25649e-08
2.3857e-08
1.44559e-08
4.81685e-09
-4.57594e-09
-1.32932e-08
-2.09258e-08
-2.7163e-08
-3.17502e-08
-3.4558e-08
-3.55281e-08
-3.47304e-08
-3.22977e-08
-2.84718e-08
-2.35283e-08
-1.78152e-08
-1.16737e-08
-5.47369e-09
4.64383e-10
5.83043e-09
1.03978e-08
1.39759e-08
1.64746e-08
1.78474e-08
1.81457e-08
1.74532e-08
1.59324e-08
1.37529e-08
1.11339e-08
8.27085e-09
5.37811e-09
2.61881e-09
1.51851e-10
-1.93236e-09
-3.5581e-09
-4.72115e-09
-5.42818e-09
-5.7471e-09
-5.74153e-09
-5.51736e-09
-5.15562e-09
-4.75888e-09
-4.38605e-09
-4.1019e-09
-3.91666e-09
-3.84064e-09
-3.82975e-09
-3.84552e-09
-3.80574e-09
-3.64824e-09
-3.28434e-09
-2.66343e-09
-1.72613e-09
-4.66434e-10
1.1184e-09
2.97067e-09
5.02745e-09
7.1694e-09
9.28129e-09
1.12059e-08
1.28084e-08
1.3933e-08
1.4468e-08
1.43021e-08
1.33874e-08
1.16917e-08
9.25623e-09
6.14271e-09
2.48434e-09
-1.57307e-09
-5.82639e-09
-1.00787e-08
-1.40985e-08
-1.76852e-08
-2.06296e-08
-2.27774e-08
-2.39874e-08
-2.41911e-08
-2.33453e-08
-2.14855e-08
-1.86729e-08
-1.5041e-08
-1.07369e-08
-5.96352e-09
-9.16895e-10
4.17367e-09
9.10874e-09
1.36781e-08
1.77212e-08
2.10838e-08
2.36733e-08
2.5411e-08
2.62826e-08
2.62848e-08
2.54726e-08
2.39019e-08
2.1674e-08
1.8878e-08
1.56341e-08
1.20374e-08
8.20374e-09
4.21513e-09
1.69232e-10
-3.87184e-09
-7.82948e-09
-1.1657e-08
-1.52859e-08
-1.86733e-08
-2.17482e-08
-2.44597e-08
-2.67258e-08
-2.84834e-08
-2.96403e-08
-3.01288e-08
-2.98598e-08
-2.87799e-08
-2.68267e-08
-2.3987e-08
-2.02519e-08
-1.56734e-08
-1.0317e-08
-4.31474e-09
2.18679e-09
8.97825e-09
1.58448e-08
2.25231e-08
2.87628e-08
3.42875e-08
3.88588e-08
4.22379e-08
4.42499e-08
4.47431e-08
4.36501e-08
4.09417e-08
3.6683e-08
3.09805e-08
2.4031e-08
1.60621e-08
7.37486e-09
-1.72139e-09
-1.08704e-08
-1.97377e-08
-2.79723e-08
-3.52755e-08
-4.13611e-08
-4.60197e-08
-4.90747e-08
-5.04414e-08
-5.00756e-08
-4.80276e-08
-4.43835e-08
-3.93138e-08
-3.30096e-08
-2.57272e-08
-1.77217e-08
-9.29035e-09
-7.05344e-10
7.74127e-09
1.58029e-08
2.32306e-08
2.9835e-08
3.54348e-08
3.99149e-08
4.3171e-08
4.51651e-08
4.5867e-08
4.53079e-08
4.35206e-08
4.05927e-08
3.66058e-08
3.16898e-08
2.59623e-08
1.95837e-08
1.26971e-08
5.48392e-09
-1.89574e-09
-9.2476e-09
-1.64038e-08
-2.31673e-08
-2.93742e-08
-3.48387e-08
-3.94168e-08
-4.2952e-08
-4.53398e-08
-4.64733e-08
-4.63072e-08
-4.48028e-08
-4.19902e-08
-3.79106e-08
-3.26762e-08
-2.64092e-08
-1.92982e-08
-1.15339e-08
-3.36238e-09
4.98245e-09
1.32275e-08
2.113e-08
2.84263e-08
3.49018e-08
4.03389e-08
4.45843e-08
4.74949e-08
4.90018e-08
4.90528e-08
4.76726e-08
4.4901e-08
4.08505e-08
3.56406e-08
2.94531e-08
2.24645e-08
1.48998e-08
6.96467e-09
-1.10089e-09
-9.08957e-09
-1.6772e-08
-2.39623e-08
-3.04615e-08
-3.61216e-08
-4.07873e-08
-4.43587e-08
-4.67317e-08
-4.78598e-08
-4.76942e-08
-4.62445e-08
-4.35195e-08
-3.95867e-08
-3.45134e-08
-2.84255e-08
-2.14476e-08
-1.37616e-08
-5.54441e-09
2.97483e-09
1.15786e-08
2.00069e-08
2.80226e-08
3.53598e-08
4.17911e-08
4.70774e-08
5.10353e-08
5.3488e-08
5.43307e-08
5.34801e-08
5.09375e-08
4.67339e-08
4.09889e-08
3.38518e-08
2.55542e-08
1.63468e-08
6.54692e-09
-3.5294e-09
-1.3523e-08
-2.3102e-08
-3.19189e-08
-3.96808e-08
-4.61054e-08
-5.0988e-08
-5.41544e-08
-5.55228e-08
-5.50514e-08
-5.27939e-08
-4.88418e-08
-4.33735e-08
-3.65917e-08
-2.87681e-08
-2.01769e-08
-1.11374e-08
-1.94649e-09
7.07862e-09
1.56662e-08
2.35458e-08
3.05095e-08
3.63645e-08
4.09901e-08
4.42857e-08
4.62234e-08
4.67924e-08
4.6048e-08
4.40539e-08
4.09289e-08
3.67885e-08
3.17911e-08
2.60807e-08
1.98334e-08
1.32021e-08
6.36413e-09
-5.32301e-10
-7.31866e-09
-1.38588e-08
-1.99983e-08
-2.56172e-08
-3.05789e-08
-3.47832e-08
-3.81161e-08
-4.05036e-08
-4.18626e-08
-4.21544e-08
-4.13377e-08
-3.94211e-08
-3.64159e-08
-3.23882e-08
-2.74097e-08
-2.16085e-08
-1.51169e-08
-8.12003e-09
-8.00646e-10
6.61532e-09
1.39159e-08
2.08602e-08
2.72372e-08
3.28235e-08
3.74427e-08
4.09219e-08
4.31499e-08
4.40317e-08
4.35428e-08
4.1681e-08
3.8517e-08
3.41414e-08
2.87119e-08
2.23968e-08
1.54189e-08
7.99633e-09
3.84645e-10
-7.18298e-09
-1.44539e-08
-2.12156e-08
-2.72515e-08
-3.23994e-08
-3.65045e-08
-3.94745e-08
-4.123e-08
-4.17566e-08
-4.10524e-08
-3.9177e-08
-3.61973e-08
-3.22349e-08
-2.74095e-08
-2.18867e-08
-1.58201e-08
-9.39936e-09
-2.7926e-09
3.80521e-09
1.02295e-08
1.62965e-08
2.18604e-08
2.67627e-08
3.08892e-08
3.41183e-08
3.63782e-08
3.75941e-08
3.77448e-08
3.68097e-08
3.48244e-08
3.18259e-08
2.7908e-08
2.31643e-08
1.77421e-08
1.17834e-08
5.47718e-09
-1.00155e-09
-7.44108e-09
-1.36558e-08
-1.94362e-08
-2.46122e-08
-2.90035e-08
-3.24827e-08
-3.49233e-08
-3.62622e-08
-3.64452e-08
-3.54865e-08
-3.3411e-08
-3.03114e-08
-2.62863e-08
-2.14947e-08
-1.60915e-08
-1.02796e-08
-4.24318e-09
1.80044e-09
7.66831e-09
1.31592e-08
1.81206e-08
2.23936e-08
2.58782e-08
2.84754e-08
3.01495e-08
3.08675e-08
3.06589e-08
2.95515e-08
2.76301e-08
2.49703e-08
2.16957e-08
1.79109e-08
1.37591e-08
9.35505e-09
4.84352e-09
3.33089e-10
-4.04392e-09
-8.19646e-09
-1.20134e-08
-1.54273e-08
-1.83522e-08
-2.07466e-08
-2.25502e-08
-2.37474e-08
-2.43033e-08
-2.42272e-08
-2.35095e-08
-2.21849e-08
-2.0269e-08
-1.78225e-08
-1.48869e-08
-1.15486e-08
-7.87391e-09
-3.97236e-09
6.90466e-11
4.12414e-09
8.09404e-09
1.18467e-08
1.52842e-08
1.82834e-08
2.0763e-08
2.26245e-08
2.38191e-08
2.42874e-08
2.40253e-08
2.30219e-08
2.13235e-08
1.89696e-08
1.60544e-08
1.2661e-08
8.92042e-09
4.94462e-09
8.84017e-10
-3.14042e-09
-6.97999e-09
-1.05259e-08
-1.36514e-08
-1.62783e-08
-1.83177e-08
-1.97341e-08
-2.0485e-08
-2.0582e-08
-2.00289e-08
-1.88806e-08
-1.718e-08
-1.5015e-08
-1.24549e-08
-9.60693e-09
-6.55215e-09
-3.40248e-09
-2.37388e-10
2.83884e-09
5.7589e-09
8.43461e-09
1.08173e-08
1.28393e-08
1.44734e-08
1.56735e-08
1.64339e-08
1.67297e-08
1.65754e-08
1.59662e-08
1.49356e-08
1.34979e-08
1.1705e-08
9.58915e-09
7.21954e-09
4.64484e-09
1.94886e-09
-8.06919e-10
-3.529e-09
-6.14967e-09
-8.57382e-09
-1.0737e-08
-1.25532e-08
-1.39729e-08
-1.49309e-08
-1.54039e-08
-1.53581e-08
-1.48051e-08
-1.37488e-08
-1.22392e-08
-1.03179e-08
-8.06983e-09
-5.56713e-09
-2.91903e-09
-2.14743e-10
2.42824e-09
4.92139e-09
7.15731e-09
9.06631e-09
1.0568e-08
1.16264e-08
1.21999e-08
1.2294e-08
1.19098e-08
1.10943e-08
9.88654e-09
8.36588e-09
6.59728e-09
4.67788e-09
2.68175e-09
7.06294e-10
-1.18255e-09
-2.90317e-09
-4.41174e-09
-5.65359e-09
-6.61477e-09
-7.27166e-09
-7.64058e-09
-7.72577e-09
-7.56749e-09
-7.18898e-09
-6.64375e-09
-5.96232e-09
-5.19967e-09
-4.38247e-09
-3.55741e-09
-2.73955e-09
-1.96199e-09
-1.22543e-09
-5.49244e-10
7.79117e-11
6.46079e-10
1.17284e-09
1.65094e-09
2.09732e-09
2.50096e-09
2.87277e-09
3.19415e-09
3.46809e-09
3.66853e-09
3.79281e-09
3.81158e-09
3.72218e-09
3.49874e-09
3.14582e-09
2.64803e-09
2.02339e-09
1.27179e-09
4.27666e-10
-4.93102e-10
-1.4414e-09
-2.38951e-09
-3.28003e-09
-4.0817e-09
-4.73842e-09
-5.2258e-09
-5.49954e-09
-5.55188e-09
-5.35874e-09
-4.93552e-09
-4.28244e-09
-3.43935e-09
-2.42916e-09
-1.31173e-09
-1.25582e-10
1.05871e-09
2.19796e-09
3.2228e-09
4.09761e-09
4.76597e-09
5.21036e-09
5.39611e-09
5.33026e-09
5.00367e-09
4.44894e-09
3.68058e-09
2.75224e-09
1.69524e-09
5.75551e-10
-5.68703e-10
-1.6699e-09
-2.69382e-09
-3.58136e-09
-4.31121e-09
-4.84019e-09
-5.16548e-09
-5.26328e-09
-5.15053e-09
-4.82209e-09
-4.31206e-09
-3.62978e-09
-2.82119e-09
-1.90405e-09
-9.29719e-10
8.19837e-11
1.08024e-09
2.04846e-09
2.94079e-09
3.74728e-09
4.4295e-09
4.98572e-09
5.38572e-09
5.63613e-09
5.71469e-09
5.63593e-09
5.38506e-09
4.98405e-09
4.4253e-09
3.73814e-09
2.92218e-09
2.0141e-09
1.02065e-09
-1.44862e-11
-1.07827e-09
-2.1215e-09
-3.12707e-09
-4.0433e-09
-4.85283e-09
-5.50616e-09
-5.99089e-09
-6.26524e-09
-6.32744e-09
-6.14889e-09
-5.74329e-09
-5.09913e-09
-4.24824e-09
-3.1974e-09
-1.99606e-09
-6.66997e-10
7.26765e-10
2.1521e-09
3.53946e-09
4.8535e-09
6.02698e-09
7.03131e-09
7.81032e-09
8.35023e-09
8.61281e-09
8.60442e-09
8.30837e-09
7.75272e-09
6.9418e-09
5.92292e-09
4.7172e-09
3.38534e-09
1.95822e-09
5.02145e-10
-9.50381e-10
-2.33554e-09
-3.62678e-09
-4.76948e-09
-5.74861e-09
-6.523e-09
-7.09193e-09
-7.42908e-09
-7.54805e-09
-7.43614e-09
-7.11914e-09
-6.59518e-09
-5.89892e-09
-5.03588e-09
-4.04628e-09
-2.93998e-09
-1.76012e-09
-5.18762e-10
7.39723e-10
2.0023e-09
3.2243e-09
4.39252e-09
5.46278e-09
6.42273e-09
7.23007e-09
7.87512e-09
8.31983e-09
8.56004e-09
8.56525e-09
8.34044e-09
7.86641e-09
7.16084e-09
6.21892e-09
5.0735e-09
3.73564e-09
2.25356e-09
6.53076e-10
-1.00482e-09
-2.68369e-09
-4.31527e-09
-5.85924e-09
-7.24777e-09
-8.44499e-09
-9.39209e-09
-1.0066e-08
-1.04248e-08
-1.0465e-08
-1.01666e-08
-9.54938e-09
-8.61738e-09
-7.41329e-09
-5.96267e-09
-4.32701e-09
-2.54754e-09
-6.97249e-10
1.17538e-09
2.99492e-09
4.71486e-09
6.2664e-09
7.61349e-09
8.70148e-09
9.51109e-09
1.00066e-08
1.01889e-08
1.0043e-08
9.58985e-09
8.83384e-09
7.81369e-09
6.54953e-09
5.0933e-09
3.47595e-09
1.75734e-09
-2.62527e-11
-1.81234e-09
-3.56449e-09
-5.22249e-09
-6.75423e-09
-8.10591e-09
-9.25354e-09
-1.01531e-08
-1.07919e-08
-1.11383e-08
-1.11934e-08
-1.09402e-08
-1.03951e-08
-9.55703e-09
-8.4585e-09
-7.11435e-09
-5.5723e-09
-3.86145e-09
-2.04221e-09
-1.54224e-10
1.73405e-09
3.57806e-09
5.30774e-09
6.88076e-09
8.23302e-09
9.33209e-09
1.01273e-08
1.06032e-08
1.07288e-08
1.05104e-08
9.94005e-09
9.04802e-09
7.84946e-09
6.3965e-09
4.72377e-09
2.89994e-09
9.72179e-10
-9.82397e-10
-2.91301e-09
-4.74349e-09
-6.42888e-09
-7.90293e-09
-9.13472e-09
-1.0075e-08
-1.07125e-08
-1.10191e-08
-1.10053e-08
-1.06644e-08
-1.00279e-08
-9.10763e-09
-7.95169e-09
-6.58547e-09
-5.06781e-09
-3.43123e-09
-1.73879e-09
-2.38257e-11
1.6523e-09
3.26077e-09
4.74647e-09
6.08888e-09
7.24208e-09
8.19599e-09
8.91532e-09
9.40126e-09
9.62954e-09
9.61265e-09
9.33712e-09
8.82639e-09
8.07739e-09
7.12399e-09
5.97292e-09
4.66779e-09
3.22414e-09
1.69405e-09
1.0019e-10
-1.49914e-09
-3.07697e-09
-4.57227e-09
-5.95785e-09
-7.17462e-09
-8.20034e-09
-8.98334e-09
-9.51185e-09
-9.74702e-09
-9.69259e-09
-9.3268e-09
-8.67228e-09
-7.7266e-09
-6.53203e-09
-5.10485e-09
-3.50477e-09
-1.763e-09
4.84619e-11
1.88987e-09
3.68438e-09
5.39182e-09
6.93894e-09
8.29359e-09
9.39422e-09
1.0224e-08
1.07393e-08
1.09434e-08
1.08142e-08
1.03769e-08
9.63065e-09
8.62108e-09
7.36548e-09
5.92526e-09
4.33027e-09
2.6511e-09
9.23048e-10
-7.8142e-10
-2.42885e-09
-3.95189e-09
-5.32531e-09
-6.49253e-09
-7.4412e-09
-8.12923e-09
-8.55983e-09
-8.70696e-09
-8.58994e-09
-8.19847e-09
-7.56674e-09
-6.69822e-09
-5.63944e-09
-4.4046e-09
-3.04905e-09
-1.59398e-09
-9.95882e-11
1.4101e-09
2.87424e-09
4.27018e-09
5.54067e-09
6.66852e-09
7.60403e-09
8.33918e-09
8.83521e-09
9.09628e-09
9.09707e-09
8.85576e-09
8.36166e-09
7.64737e-09
6.71637e-09
5.61431e-09
4.35663e-09
2.99887e-09
1.56452e-09
1.14428e-10
-1.32507e-09
-2.69336e-09
-3.96693e-09
-5.09107e-09
-6.05047e-09
-6.80122e-09
-7.34041e-09
-7.63827e-09
-7.7066e-09
-7.53103e-09
-7.13822e-09
-6.52824e-09
-5.74058e-09
-4.78684e-09
-3.71563e-09
-2.54576e-09
-1.33029e-09
-9.0353e-11
1.12139e-09
2.28611e-09
3.35585e-09
4.31785e-09
5.13202e-09
5.7942e-09
6.27397e-09
6.57693e-09
6.68292e-09
6.60729e-09
6.33963e-09
5.90421e-09
5.29924e-09
4.55646e-09
3.68115e-09
2.7109e-09
1.65623e-09
5.58709e-10
-5.67861e-10
-1.68005e-09
-2.763e-09
-3.77379e-09
-4.69911e-09
-5.49923e-09
-6.16518e-09
-6.66336e-09
-6.99198e-09
-7.1263e-09
-7.07427e-09
-6.82209e-09
-6.3891e-09
-5.77343e-09
-5.00605e-09
-4.09644e-09
-3.08573e-09
-1.99236e-09
-8.64402e-10
2.74706e-10
1.37456e-09
2.41184e-09
3.33914e-09
4.13864e-09
4.77109e-09
5.22887e-09
5.48488e-09
5.54489e-09
5.39605e-09
5.05853e-09
4.53354e-09
3.85425e-09
3.03346e-09
2.11393e-09
1.11575e-09
8.64133e-11
-9.5191e-10
-1.95232e-09
-2.89583e-09
-3.74096e-09
-4.47618e-09
-5.06903e-09
-5.51816e-09
-5.80189e-09
-5.92995e-09
-5.89142e-09
-5.70624e-09
-5.37261e-09
-4.91856e-09
-4.3488e-09
-3.69657e-09
-2.9701e-09
-2.20486e-09
-1.40979e-09
-6.20028e-10
1.57111e-10
8.88753e-10
1.57084e-09
2.17406e-09
2.69864e-09
3.11965e-09
3.44222e-09
3.64624e-09
3.74218e-09
3.71509e-09
3.581e-09
3.33028e-09
2.98467e-09
2.53978e-09
2.02276e-09
1.43396e-09
8.05154e-10
1.40271e-10
-5.25791e-10
-1.18741e-09
-1.80877e-09
-2.38503e-09
-2.88212e-09
-3.29879e-09
-3.60548e-09
-3.8071e-09
-3.8809e-09
-3.83989e-09
-3.66944e-09
-3.39135e-09
-2.99918e-09
-2.5228e-09
-1.96252e-09
-1.35427e-09
-7.02469e-10
-4.59889e-11
6.09995e-10
1.22718e-09
1.80312e-09
2.30336e-09
2.73108e-09
3.05808e-09
3.29498e-09
3.42096e-09
3.45451e-09
3.38193e-09
3.22867e-09
2.98666e-09
2.6864e-09
2.32318e-09
1.93008e-09
1.50332e-09
1.07612e-09
6.43399e-10
2.36638e-10
-1.52075e-10
-4.9418e-10
-8.01158e-10
-1.04773e-09
-1.24898e-09
-1.38267e-09
-1.46703e-09
-1.48237e-09
-1.44945e-09
-1.35056e-09
-1.20857e-09
-1.00738e-09
-7.71709e-10
-4.86995e-10
-1.79767e-10
1.62987e-10
5.12953e-10
8.81678e-10
1.23932e-09
1.59638e-09
1.92216e-09
2.22703e-09
2.48061e-09
2.69447e-09
2.84008e-09
2.93183e-09
2.94464e-09
2.89714e-09
2.76901e-09
2.58407e-09
2.32727e-09
2.0277e-09
1.67516e-09
1.303e-09
9.04442e-10
5.1517e-10
1.29524e-10
-2.17017e-10
-5.31639e-10
-7.8175e-10
-9.78542e-10
-1.09452e-09
-1.14666e-09
-1.11384e-09
-1.01947e-09
-8.48835e-10
-6.31168e-10
-3.57015e-10
-5.96604e-11
2.67257e-10
5.88877e-10
9.11117e-10
1.20024e-09
1.4643e-09
1.67304e-09
1.83859e-09
1.93572e-09
1.98169e-09
1.95675e-09
1.88322e-09
1.74632e-09
1.57236e-09
1.3502e-09
1.1085e-09
8.37917e-10
5.67627e-10
2.88278e-10
2.7872e-11
-2.24398e-10
-4.42913e-10
-6.4082e-10
-7.95479e-10
-9.2266e-10
-1.00272e-09
-1.05383e-09
-1.05896e-09
-1.03817e-09
-9.76441e-10
-8.951e-10
-7.80584e-10
-6.54931e-10
-5.05549e-10
-3.54787e-10
-1.90675e-10
-3.55694e-11
1.22161e-10
2.60448e-10
3.90905e-10
4.92125e-10
5.76145e-10
6.22727e-10
6.449e-10
6.242e-10
5.75269e-10
4.82e-10
3.61165e-10
1.99404e-10
1.58572e-11
-2.00062e-10
-4.2704e-10
-6.73339e-10
-9.16154e-10
-1.16234e-09
-1.38871e-09
-1.60199e-09
-1.77994e-09
-1.93052e-09
-2.0338e-09
-2.10018e-09
-2.11301e-09
-2.08596e-09
-2.00611e-09
-1.89055e-09
-1.72993e-09
-1.54428e-09
-1.32703e-09
-1.10012e-09
-8.58507e-10
-6.24699e-10
-3.93747e-10
-1.87326e-10
7.4823e-13
1.50797e-10
2.71241e-10
3.4514e-10
3.83672e-10
3.72874e-10
3.26705e-10
2.33954e-10
1.10983e-10
-5.12255e-11
-2.34534e-10
-4.46481e-10
-6.67852e-10
-9.05422e-10
-1.13954e-09
-1.37684e-09
-1.59775e-09
-1.80923e-09
-1.99223e-09
-2.15446e-09
-2.27771e-09
-2.37086e-09
-2.41694e-09
-2.42643e-09
-2.38403e-09
-2.30232e-09
-2.16814e-09
-1.99659e-09
-1.77703e-09
-1.52739e-09
-1.23962e-09
-9.34449e-10
-6.06155e-10
-2.77749e-10
5.49295e-11
3.67565e-10
6.64003e-10
9.20014e-10
1.14069e-09
1.30347e-09
1.41631e-09
1.45983e-09
1.44618e-09
1.36022e-09
1.2191e-09
1.01232e-09
7.62003e-10
4.6183e-10
1.38057e-10
-2.12702e-10
-5.61638e-10
-9.1108e-10
-1.2317e-09
-1.52691e-09
-1.76898e-09
-1.96442e-09
-2.0889e-09
-2.15358e-09
-2.13865e-09
-2.06068e-09
-1.90474e-09
-1.69268e-09
-1.41392e-09
-1.09471e-09
-7.27573e-10
-3.41689e-10
6.89659e-11
4.74046e-10
8.79883e-10
1.25666e-09
1.61257e-09
1.91971e-09
2.1893e-09
2.39624e-09
2.5554e-09
2.64486e-09
2.6833e-09
2.65186e-09
2.57277e-09
2.42985e-09
2.24831e-09
2.01406e-09
1.75462e-09
1.45732e-09
1.15129e-09
8.24571e-10
5.07188e-10
1.87175e-10
-1.05262e-10
-3.82829e-10
-6.15922e-10
-8.18757e-10
-9.63143e-10
-1.06559e-09
-1.10012e-09
-1.08627e-09
-1.00095e-09
-8.67259e-10
-6.65421e-10
-4.22328e-10
-1.21527e-10
2.06545e-10
5.75476e-10
9.52037e-10
1.34792e-09
1.72834e-09
2.10447e-09
2.4415e-09
2.75169e-09
3.00185e-09
3.20689e-09
3.33671e-09
3.41008e-09
3.40102e-09
3.33287e-09
3.18417e-09
2.98288e-09
2.71177e-09
2.40273e-09
2.04187e-09
1.66383e-09
1.25667e-09
8.56186e-10
4.50815e-10
7.59063e-11
-2.81308e-10
-5.87406e-10
-8.57619e-10
-1.06157e-09
-1.21779e-09
-1.2996e-09
-1.32919e-09
-1.28372e-09
-1.18895e-09
-1.02558e-09
-8.22462e-10
-5.63257e-10
-2.79145e-10
4.4059e-11
3.7375e-10
7.22865e-10
1.05835e-09
1.39283e-09
1.69379e-09
1.97449e-09
2.20388e-09
2.39676e-09
2.52442e-09
2.60397e-09
2.60983e-09
2.56207e-09
2.43873e-09
2.26322e-09
2.01749e-09
1.72832e-09
1.38138e-09
1.00644e-09
5.9229e-10
1.70816e-10
-2.67083e-10
-6.88678e-10
-1.10238e-09
-1.47611e-09
-1.81918e-09
-2.10177e-09
-2.33557e-09
-2.49443e-09
-2.59364e-09
-2.61169e-09
-2.56815e-09
-2.4465e-09
-2.27062e-09
-2.02868e-09
-1.74817e-09
-1.42097e-09
-1.07698e-09
-7.10298e-10
-3.51577e-10
4.56208e-12
3.28443e-10
6.26628e-10
8.71996e-10
1.0737e-09
1.20834e-09
1.28859e-09
1.29543e-09
1.24538e-09
1.12381e-09
9.50909e-10
7.15946e-10
4.42024e-10
1.21437e-10
-2.20806e-10
-5.90543e-10
-9.62022e-10
-1.34041e-09
-1.70038e-09
-2.04756e-09
-2.35804e-09
-2.63886e-09
-2.86835e-09
-3.05567e-09
-3.18197e-09
-3.25899e-09
-3.27099e-09
-3.23252e-09
-3.131e-09
-2.98377e-09
-2.78124e-09
-2.54321e-09
-2.26263e-09
-1.96129e-09
-1.63397e-09
-1.30367e-09
-9.66127e-10
-6.4458e-10
-3.34693e-10
-5.88882e-11
1.88366e-10
3.86492e-10
5.43244e-10
6.40772e-10
6.89854e-10
6.75957e-10
6.13318e-10
4.90897e-10
3.26379e-10
1.1193e-10
-1.31799e-10
-4.10177e-10
-7.00476e-10
-1.00669e-09
-1.30519e-09
-1.59988e-09
-1.86749e-09
-2.11315e-09
-2.31511e-09
-2.48082e-09
-2.59098e-09
-2.65612e-09
-2.65994e-09
-2.61638e-09
-2.51219e-09
-2.36468e-09
-2.16334e-09
-1.92834e-09
-1.65128e-09
-1.35446e-09
-1.03068e-09
-7.03509e-10
-3.66007e-10
-4.20763e-11
2.75895e-10
5.64518e-10
8.32894e-10
1.05886e-09
1.25367e-09
1.39692e-09
1.50248e-09
1.55205e-09
1.56239e-09
1.51743e-09
1.43686e-09
1.30675e-09
1.14952e-09
9.53087e-10
7.42172e-10
5.05943e-10
2.70784e-10
2.63382e-11
-2.00214e-10
-4.19702e-10
-6.05127e-10
-7.68806e-10
-8.84918e-10
-9.68222e-10
-9.94935e-10
-9.83007e-10
-9.11281e-10
-8.013e-10
-6.34724e-10
-4.36656e-10
-1.91305e-10
7.31649e-11
3.70707e-10
6.71008e-10
9.87245e-10
1.28814e-09
1.58735e-09
1.85389e-09
2.10313e-09
2.30556e-09
2.47925e-09
2.59699e-09
2.68018e-09
2.70437e-09
2.6944e-09
2.62847e-09
2.53461e-09
2.39314e-09
2.23453e-09
2.04042e-09
1.84278e-09
1.62358e-09
1.41527e-09
1.1992e-09
1.00736e-09
8.19708e-10
6.67071e-10
5.27472e-10
4.30173e-10
3.51016e-10
3.17556e-10
3.0348e-10
3.34725e-10
3.83047e-10
4.73013e-10
5.7479e-10
7.11906e-10
8.53331e-10
1.02192e-09
1.18584e-09
1.36763e-09
1.53508e-09
1.71076e-09
1.86248e-09
2.01322e-09
2.13123e-09
2.24026e-09
2.30945e-09
2.3637e-09
2.37344e-09
2.36505e-09
2.31057e-09
2.23812e-09
2.12154e-09
1.9907e-09
1.82124e-09
1.6446e-09
1.43795e-09
1.23387e-09
1.01054e-09
8.01031e-10
5.83862e-10
3.91769e-10
2.02849e-10
4.87061e-11
-9.37176e-11
-1.94637e-10
-2.78802e-10
-3.18696e-10
-3.41015e-10
-3.20639e-10
-2.86122e-10
-2.14532e-10
-1.35874e-10
-2.88953e-11
7.56061e-11
1.97904e-10
3.07199e-10
4.23554e-10
5.16951e-10
6.07943e-10
6.67949e-10
7.18531e-10
7.32985e-10
7.34157e-10
6.97395e-10
6.46855e-10
5.59862e-10
4.61681e-10
3.31345e-10
1.94865e-10
3.25931e-11
-1.29157e-10
-3.09152e-10
-4.81227e-10
-6.63691e-10
-8.30941e-10
-1.00119e-09
-1.14975e-09
-1.29503e-09
-1.41352e-09
-1.52406e-09
-1.60449e-09
-1.67426e-09
-1.71269e-09
-1.7399e-09
-1.73676e-09
-1.72405e-09
-1.68413e-09
-1.6384e-09
-1.57054e-09
-1.50233e-09
-1.41852e-09
-1.34097e-09
-1.25511e-09
-1.18245e-09
-1.10863e-09
-1.05438e-09
-1.00505e-09
-9.80118e-10
-9.64259e-10
-9.75351e-10
-9.97073e-10
-1.04555e-09
-1.10336e-09
-1.18492e-09
-1.27186e-09
-1.37716e-09
-1.48181e-09
-1.59782e-09
-1.70607e-09
-1.81818e-09
-1.91544e-09
-2.00966e-09
-2.08311e-09
-2.14827e-09
-2.18872e-09
-2.218e-09
-2.22116e-09
-2.21285e-09
-2.17957e-09
-2.137e-09
-2.0728e-09
-2.00337e-09
-1.91714e-09
-1.83085e-09
-1.73323e-09
-1.64093e-09
-1.54258e-09
-1.4544e-09
-1.36452e-09
-1.28853e-09
-1.21387e-09
-1.15539e-09
-1.09974e-09
-1.06107e-09
-1.02529e-09
-1.00598e-09
-9.88376e-10
-9.85672e-10
-9.82574e-10
-9.92058e-10
-9.98424e-10
-1.0146e-09
-1.02459e-09
-1.04142e-09
-1.04887e-09
-1.06022e-09
-1.05911e-09
-1.05922e-09
-1.04414e-09
-1.02808e-09
-9.94714e-10
-9.58958e-10
-9.04644e-10
-8.47569e-10
-7.71819e-10
-6.94167e-10
-5.98988e-10
-5.04067e-10
-3.94012e-10
-2.87551e-10
-1.69359e-10
-5.89349e-11
5.92459e-11
1.65174e-10
2.74906e-10
3.68232e-10
4.62085e-10
5.36349e-10
6.09128e-10
6.60612e-10
7.10267e-10
7.38676e-10
7.66702e-10
7.75256e-10
7.86477e-10
7.81391e-10
7.83158e-10
7.72593e-10
7.73538e-10
7.66225e-10
7.74819e-10
7.78616e-10
8.01798e-10
8.22451e-10
8.64569e-10
9.04883e-10
9.67124e-10
1.02666e-09
1.10703e-09
1.18235e-09
1.27612e-09
1.36143e-09
1.46199e-09
1.55011e-09
1.64994e-09
1.7333e-09
1.82501e-09
1.8966e-09
1.97376e-09
2.02792e-09
2.08574e-09
2.11864e-09
2.15434e-09
2.16433e-09
2.17734e-09
2.16497e-09
2.15695e-09
2.12491e-09
2.09953e-09
2.05243e-09
2.01509e-09
1.95903e-09
1.91636e-09
1.85836e-09
1.81757e-09
1.76485e-09
1.73293e-09
1.69202e-09
1.6748e-09
1.65066e-09
1.65196e-09
1.64711e-09
1.66798e-09
1.68192e-09
1.72024e-09
1.74927e-09
1.7998e-09
1.83729e-09
1.8922e-09
1.92943e-09
1.97936e-09
2.00671e-09
2.04213e-09
2.05056e-09
2.06324e-09
2.04571e-09
2.03007e-09
1.98274e-09
1.93679e-09
1.85965e-09
1.78534e-09
1.68225e-09
1.5852e-09
1.46332e-09
1.3519e-09
1.22055e-09
1.10463e-09
9.73886e-10
8.63341e-10
7.42547e-10
6.45856e-10
5.42391e-10
4.6557e-10
3.83967e-10
3.29941e-10
2.71519e-10
2.40001e-10
2.02982e-10
1.90802e-10
1.70819e-10
1.72581e-10
1.63446e-10
1.72356e-10
1.66913e-10
1.75637e-10
1.66596e-10
1.68038e-10
1.48686e-10
1.36637e-10
1.01416e-10
7.10601e-11
1.60125e-11
-3.56871e-11
-1.12584e-10
-1.86595e-10
-2.85191e-10
-3.80232e-10
-4.98082e-10
-6.1057e-10
-7.42974e-10
-8.67164e-10
-1.00742e-09
-1.13579e-09
-1.27571e-09
-1.39963e-09
-1.53035e-09
-1.64097e-09
-1.75394e-09
-1.84331e-09
-1.93144e-09
-1.99358e-09
-2.05225e-09
-2.08411e-09
-2.11199e-09
-2.11406e-09
-2.11347e-09
-2.08985e-09
-2.06659e-09
-2.02461e-09
-1.98729e-09
-1.93651e-09
-1.89536e-09
-1.84632e-09
-1.81179e-09
-1.77447e-09
-1.75574e-09
-1.73817e-09
-1.74185e-09
-1.749e-09
-1.77826e-09
-1.81136e-09
-1.8655e-09
-1.92196e-09
-1.99662e-09
-2.07044e-09
-2.15823e-09
-2.24088e-09
-2.33242e-09
-2.41395e-09
-2.49909e-09
-2.56941e-09
-2.63847e-09
-2.68856e-09
-2.73342e-09
-2.75628e-09
-2.77129e-09
-2.76269e-09
-2.74517e-09
-2.70401e-09
-2.6545e-09
-2.5829e-09
-2.50504e-09
-2.40804e-09
-2.30817e-09
-2.1932e-09
-2.0797e-09
-1.95581e-09
-1.83821e-09
-1.71512e-09
-1.60308e-09
-1.4901e-09
-1.39237e-09
-1.29736e-09
-1.22071e-09
-1.14913e-09
-1.09755e-09
-1.05171e-09
-1.02582e-09
-1.00457e-09
-1.00147e-09
-1.00023e-09
-1.01381e-09
-1.02507e-09
-1.04674e-09
-1.06103e-09
-1.08078e-09
-1.08789e-09
-1.09565e-09
-1.08595e-09
-1.07293e-09
-1.03869e-09
-9.98531e-10
-9.34951e-10
-8.64585e-10
-7.70393e-10
-6.70407e-10
-5.47982e-10
-4.22489e-10
-2.77497e-10
-1.33542e-10
2.58608e-11
1.79246e-10
3.43475e-10
4.96422e-10
6.55649e-10
7.98626e-10
9.43907e-10
1.06877e-09
1.19299e-09
1.29381e-09
1.39236e-09
1.4659e-09
1.53701e-09
1.58295e-09
1.62775e-09
1.64858e-09
1.67082e-09
1.67146e-09
1.67708e-09
1.66431e-09
1.66077e-09
1.64251e-09
1.63799e-09
1.62248e-09
1.62508e-09
1.62001e-09
1.6368e-09
1.64846e-09
1.68475e-09
1.71728e-09
1.7759e-09
1.83071e-09
1.91157e-09
1.98706e-09
2.08704e-09
2.17863e-09
2.2918e-09
2.39236e-09
2.51059e-09
2.61124e-09
2.72513e-09
2.81627e-09
2.9163e-09
2.98882e-09
3.06656e-09
3.11303e-09
3.16226e-09
3.17788e-09
3.19538e-09
3.17862e-09
3.16459e-09
3.11739e-09
3.07537e-09
3.00279e-09
2.93916e-09
2.84872e-09
2.77181e-09
2.67239e-09
2.59134e-09
2.49208e-09
2.41568e-09
2.3248e-09
2.26044e-09
2.1843e-09
2.13711e-09
2.07953e-09
2.05189e-09
2.01384e-09
2.00528e-09
1.98494e-09
1.99231e-09
1.98537e-09
2.00333e-09
2.00364e-09
2.02534e-09
2.0256e-09
2.04348e-09
2.03611e-09
2.04272e-09
2.02066e-09
2.00946e-09
1.96693e-09
1.93301e-09
1.86612e-09
1.80671e-09
1.71397e-09
1.62881e-09
1.51127e-09
1.4027e-09
1.26396e-09
1.13672e-09
9.8261e-10
8.43391e-10
6.81319e-10
5.3802e-10
3.76187e-10
2.37016e-10
8.34374e-11
-4.40724e-11
-1.82539e-10
-2.92461e-10
-4.10965e-10
-4.99718e-10
-5.96017e-10
-6.62793e-10
-7.37493e-10
-7.84311e-10
-8.40721e-10
-8.72082e-10
-9.15687e-10
-9.37889e-10
-9.75535e-10
-9.95752e-10
-1.03466e-09
-1.05994e-09
-1.10672e-09
-1.14303e-09
-1.20281e-09
-1.25432e-09
-1.33015e-09
-1.39875e-09
-1.49131e-09
-1.57649e-09
-1.68415e-09
-1.78321e-09
-1.9023e-09
-2.01079e-09
-2.13617e-09
-2.24844e-09
-2.37414e-09
-2.48406e-09
-2.60393e-09
-2.70547e-09
-2.81379e-09
-2.90165e-09
-2.99363e-09
-3.06367e-09
-3.13588e-09
-3.18542e-09
-3.23601e-09
-3.26406e-09
-3.29293e-09
-3.30024e-09
-3.309e-09
-3.29798e-09
-3.2898e-09
-3.26431e-09
-3.24364e-09
-3.20859e-09
-3.1807e-09
-3.14154e-09
-3.11197e-09
-3.07411e-09
-3.04798e-09
-3.01608e-09
-2.99748e-09
-2.97488e-09
-2.9663e-09
-2.95452e-09
-2.95646e-09
-2.95491e-09
-2.96579e-09
-2.97185e-09
-2.98811e-09
-2.99741e-09
-3.01405e-09
-3.02106e-09
-3.03228e-09
-3.03108e-09
-3.03108e-09
-3.01618e-09
-3.00002e-09
-2.96713e-09
-2.93136e-09
-2.87794e-09
-2.82107e-09
-2.74666e-09
-2.66932e-09
-2.57552e-09
-2.48029e-09
-2.37049e-09
-2.26146e-09
-2.1403e-09
-2.02255e-09
-1.89528e-09
-1.77414e-09
-1.64595e-09
-1.52638e-09
-1.40181e-09
-1.28787e-09
-1.17034e-09
-1.06481e-09
-9.56366e-10
-8.60559e-10
-7.61757e-10
-6.7555e-10
-5.85549e-10
-5.0751e-10
-4.24294e-10
-3.51957e-10
-2.72646e-10
-2.02862e-10
-1.2408e-10
-5.3402e-11
2.8318e-11
1.03231e-10
1.91055e-10
2.73052e-10
3.69474e-10
4.60568e-10
5.671e-10
6.68203e-10
7.85158e-10
8.95919e-10
1.02231e-09
1.14109e-09
1.27471e-09
1.39871e-09
1.53627e-09
1.66182e-09
1.7994e-09
1.92236e-09
2.05576e-09
2.17201e-09
2.29733e-09
2.40326e-09
2.51733e-09
2.61029e-09
2.71104e-09
2.78959e-09
2.87629e-09
2.94038e-09
3.01362e-09
3.06445e-09
3.126e-09
3.16579e-09
3.21824e-09
3.24984e-09
3.29618e-09
3.32261e-09
3.36575e-09
3.38975e-09
3.43216e-09
3.45582e-09
3.49917e-09
3.52371e-09
3.56873e-09
3.59438e-09
3.6408e-09
3.66686e-09
3.71353e-09
3.73848e-09
3.78357e-09
3.80533e-09
3.84653e-09
3.86271e-09
3.89755e-09
3.90566e-09
3.93173e-09
3.92951e-09
3.94467e-09
3.93024e-09
3.93286e-09
3.90491e-09
3.894e-09
3.85192e-09
3.82724e-09
3.7712e-09
3.73328e-09
3.66426e-09
3.61441e-09
3.53408e-09
3.47427e-09
3.38488e-09
3.31752e-09
3.22165e-09
3.14936e-09
3.04961e-09
2.97484e-09
2.87353e-09
2.79829e-09
2.69712e-09
2.62268e-09
2.52251e-09
2.44925e-09
2.35001e-09
2.27735e-09
2.17806e-09
2.10458e-09
2.00354e-09
1.92726e-09
1.82236e-09
1.74108e-09
1.63018e-09
1.54186e-09
1.4232e-09
1.32633e-09
1.1988e-09
1.0927e-09
9.56103e-10
8.41e-10
6.96086e-10
5.73146e-10
4.21519e-10
2.92669e-10
1.36577e-10
4.2406e-12
-1.53731e-10
-2.86948e-10
-4.44193e-10
-5.75819e-10
-7.30006e-10
-8.57966e-10
-1.00726e-09
-1.13006e-09
-1.27326e-09
-1.39005e-09
-1.52663e-09
-1.63722e-09
-1.76724e-09
-1.87199e-09
-1.99604e-09
-2.09574e-09
-2.21474e-09
-2.31046e-09
-2.4255e-09
-2.51838e-09
-2.63059e-09
-2.7217e-09
-2.83203e-09
-2.92222e-09
-3.03134e-09
-3.12108e-09
-3.22923e-09
-3.31853e-09
-3.42544e-09
-3.51377e-09
-3.61864e-09
-3.70492e-09
-3.80641e-09
-3.88908e-09
-3.98541e-09
-4.06253e-09
-4.15165e-09
-4.22112e-09
-4.30093e-09
-4.36069e-09
-4.42927e-09
-4.4776e-09
-4.53348e-09
-4.5692e-09
-4.61154e-09
-4.63415e-09
-4.66286e-09
-4.67265e-09
-4.6884e-09
-4.68636e-09
-4.69045e-09
-4.67813e-09
-4.67231e-09
-4.65156e-09
-4.63775e-09
-4.61044e-09
-4.59044e-09
-4.55816e-09
-4.53337e-09
-4.49725e-09
-4.4685e-09
-4.42901e-09
-4.39647e-09
-4.35341e-09
-4.31659e-09
-4.26915e-09
-4.22702e-09
-4.17392e-09
-4.12509e-09
-4.06481e-09
-4.00773e-09
-3.93869e-09
-3.8719e-09
-3.79271e-09
-3.71499e-09
-3.6246e-09
-3.53518e-09
-3.43302e-09
-3.33163e-09
-3.21768e-09
-3.10462e-09
-2.97942e-09
-2.85556e-09
-2.7202e-09
-2.58691e-09
-2.44295e-09
-2.30204e-09
-2.1514e-09
-2.00496e-09
-1.84977e-09
-1.70002e-09
-1.54246e-09
-1.39156e-09
-1.23365e-09
-1.0835e-09
-9.26867e-10
-7.78913e-10
-6.24696e-10
-4.79788e-10
-3.28454e-10
-1.8676e-10
-3.80917e-11
1.00895e-10
2.4775e-10
3.85106e-10
5.3148e-10
6.68656e-10
8.16126e-10
9.54678e-10
1.10478e-09
1.24607e-09
1.4e-09
1.54492e-09
1.70328e-09
1.85203e-09
2.01464e-09
2.1666e-09
2.33246e-09
2.48619e-09
2.65352e-09
2.80689e-09
2.9733e-09
3.12368e-09
3.28645e-09
3.43103e-09
3.58739e-09
3.72346e-09
3.87087e-09
3.99612e-09
4.13258e-09
4.2453e-09
4.36945e-09
4.46866e-09
4.57994e-09
4.66545e-09
4.76404e-09
4.83636e-09
4.92308e-09
4.9833e-09
5.05948e-09
5.10909e-09
5.17633e-09
5.21698e-09
5.27693e-09
5.31024e-09
5.3644e-09
5.39171e-09
5.44122e-09
5.46343e-09
5.50893e-09
5.5264e-09
5.56791e-09
5.58036e-09
5.61727e-09
5.6238e-09
5.65489e-09
5.65404e-09
5.6776e-09
5.66751e-09
5.68152e-09
5.6601e-09
5.66244e-09
5.62765e-09
5.61635e-09
5.56643e-09
5.53994e-09
5.47364e-09
5.431e-09
5.34777e-09
5.28878e-09
5.18886e-09
5.11412e-09
4.99854e-09
4.90942e-09
4.77991e-09
4.67836e-09
4.53715e-09
4.42553e-09
4.27511e-09
4.15589e-09
3.99875e-09
3.87426e-09
3.71261e-09
3.58478e-09
3.42033e-09
3.29053e-09
3.12437e-09
2.9933e-09
2.82583e-09
2.69349e-09
2.52445e-09
2.39024e-09
2.21883e-09
2.08168e-09
1.90673e-09
1.7653e-09
1.58545e-09
1.43833e-09
1.25229e-09
1.09824e-09
9.04967e-10
7.43096e-10
5.4199e-10
3.71922e-10
1.62968e-10
-1.50418e-11
-2.31198e-10
-4.16218e-10
-6.38258e-10
-8.28696e-10
-1.05468e-09
-1.24837e-09
-1.47586e-09
-1.67023e-09
-1.89647e-09
-2.08875e-09
-2.3109e-09
-2.49835e-09
-2.71375e-09
-2.89392e-09
-3.10033e-09
-3.27129e-09
-3.46706e-09
-3.62758e-09
-3.81182e-09
-3.96144e-09
-4.13405e-09
-4.27306e-09
-4.43463e-09
-4.56398e-09
-4.71569e-09
-4.83676e-09
-4.9801e-09
-5.09446e-09
-5.23096e-09
-5.34007e-09
-5.47102e-09
-5.57599e-09
-5.70222e-09
-5.80357e-09
-5.92526e-09
-6.02284e-09
-6.13947e-09
-6.23241e-09
-6.34276e-09
-6.42957e-09
-6.53188e-09
-6.61057e-09
-6.70271e-09
-6.77103e-09
-6.85071e-09
-6.9064e-09
-6.97142e-09
-7.0124e-09
-7.06089e-09
-7.08548e-09
-7.11603e-09
-7.12308e-09
-7.13488e-09
-7.12389e-09
-7.11676e-09
-7.08786e-09
-7.06227e-09
-7.01618e-09
-6.97317e-09
-6.91113e-09
-6.85218e-09
-6.77581e-09
-6.70268e-09
-6.61379e-09
-6.52837e-09
-6.42879e-09
-6.3329e-09
-6.22428e-09
-6.11946e-09
-6.00313e-09
-5.89052e-09
-5.76732e-09
-5.64755e-09
-5.51776e-09
-5.3909e-09
-5.25425e-09
-5.11981e-09
-4.97554e-09
-4.83262e-09
-4.6796e-09
-4.52703e-09
-4.36397e-09
-4.20052e-09
-4.02617e-09
-3.85076e-09
-3.66418e-09
-3.47613e-09
-3.2768e-09
-3.07599e-09
-2.86403e-09
-2.65095e-09
-2.42714e-09
-2.20296e-09
-1.96871e-09
-1.73519e-09
-1.49243e-09
-1.25179e-09
-1.00283e-09
-7.57545e-10
-5.04836e-10
-2.57446e-10
-3.41343e-12
2.43698e-10
4.96874e-10
7.41637e-10
9.92161e-10
1.23294e-09
1.4795e-09
1.71518e-09
1.95696e-09
2.18692e-09
2.42361e-09
2.64768e-09
2.87938e-09
3.09777e-09
3.32485e-09
3.53799e-09
3.76102e-09
3.96942e-09
4.18895e-09
4.39307e-09
4.60951e-09
4.80959e-09
5.02309e-09
5.21903e-09
5.42933e-09
5.62063e-09
5.82704e-09
6.01271e-09
6.21406e-09
6.39269e-09
6.58737e-09
6.75716e-09
6.94325e-09
7.10211e-09
7.2775e-09
7.42327e-09
7.58582e-09
7.71641e-09
7.86418e-09
7.97777e-09
8.10914e-09
8.20435e-09
8.3182e-09
8.39417e-09
8.48993e-09
8.54638e-09
8.62405e-09
8.66124e-09
8.72132e-09
8.73997e-09
8.78334e-09
8.78445e-09
8.81218e-09
8.79689e-09
8.8101e-09
8.77948e-09
8.77913e-09
8.73407e-09
8.72085e-09
8.66189e-09
8.63613e-09
8.56345e-09
8.52511e-09
8.4385e-09
8.38717e-09
8.28614e-09
8.22115e-09
8.10498e-09
8.02548e-09
7.89334e-09
7.79848e-09
7.6496e-09
7.53859e-09
7.37232e-09
7.24459e-09
7.06059e-09
6.91586e-09
6.71408e-09
6.55245e-09
6.33324e-09
6.15518e-09
5.91929e-09
5.72567e-09
5.47423e-09
5.26626e-09
5.00072e-09
4.77991e-09
4.50196e-09
4.27001e-09
3.98151e-09
3.7402e-09
3.443e-09
3.19409e-09
2.88997e-09
2.63507e-09
2.32561e-09
2.06607e-09
1.75259e-09
1.48949e-09
1.17297e-09
9.07045e-10
5.88173e-10
3.19881e-10
-9.2461e-13
-2.71355e-10
-5.9385e-10
-8.66307e-10
-1.19031e-09
-1.46467e-09
-1.78993e-09
-2.06597e-09
-2.39204e-09
-2.66928e-09
-2.99549e-09
-3.27315e-09
-3.59847e-09
-3.87547e-09
-4.19855e-09
-4.47347e-09
-4.79271e-09
-5.06387e-09
-5.37742e-09
-5.64301e-09
-5.94892e-09
-6.20702e-09
-6.50334e-09
-6.7521e-09
-7.03696e-09
-7.27466e-09
-7.54638e-09
-7.7715e-09
-8.02863e-09
-8.23993e-09
-8.48132e-09
-8.67782e-09
-8.9026e-09
-9.08363e-09
-9.2912e-09
-9.45631e-09
-9.6463e-09
-9.79526e-09
-9.96749e-09
-1.01002e-08
-1.02546e-08
-1.0371e-08
-1.05075e-08
-1.06076e-08
-1.07261e-08
-1.08096e-08
-1.09099e-08
-1.09767e-08
-1.10585e-08
-1.11081e-08
-1.11707e-08
-1.12024e-08
-1.12452e-08
-1.12584e-08
-1.12805e-08
-1.12741e-08
-1.12747e-08
-1.12479e-08
-1.12262e-08
-1.11781e-08
-1.11333e-08
-1.10633e-08
-1.0995e-08
-1.09027e-08
-1.08106e-08
-1.0696e-08
-1.05803e-08
-1.04436e-08
-1.03048e-08
-1.01465e-08
-9.98533e-09
-9.80635e-09
-9.62374e-09
-9.42502e-09
-9.22215e-09
-9.00477e-09
-8.78281e-09
-8.54785e-09
-8.30795e-09
-8.05645e-09
-7.79967e-09
-7.53253e-09
-7.25982e-09
-6.97783e-09
-6.69002e-09
-6.39385e-09
-6.09166e-09
-5.78191e-09
-5.46601e-09
-5.14322e-09
-4.81427e-09
-4.47902e-09
-4.13773e-09
-3.79063e-09
-3.43779e-09
-3.07961e-09
-2.71615e-09
-2.34776e-09
-1.97477e-09
-1.59724e-09
-1.21599e-09
-8.3055e-10
-4.4249e-10
-5.0562e-11
3.42692e-10
7.39531e-10
1.13621e-09
1.53625e-09
1.93448e-09
2.33592e-09
2.73376e-09
3.13476e-09
3.53024e-09
3.92897e-09
4.3202e-09
4.71492e-09
5.10008e-09
5.48917e-09
5.86661e-09
6.24859e-09
6.61682e-09
6.9904e-09
7.34812e-09
7.71217e-09
8.05822e-09
8.41175e-09
8.74508e-09
9.08717e-09
9.4068e-09
9.73656e-09
1.00415e-08
1.0358e-08
1.06472e-08
1.09494e-08
1.12217e-08
1.15085e-08
1.17626e-08
1.20327e-08
1.22673e-08
1.25193e-08
1.27329e-08
1.29654e-08
1.31565e-08
1.33681e-08
1.35352e-08
1.37245e-08
1.38663e-08
1.40321e-08
1.41474e-08
1.42884e-08
1.43763e-08
1.44918e-08
1.45514e-08
1.46408e-08
1.46716e-08
1.47345e-08
1.47362e-08
1.47724e-08
1.4745e-08
1.47544e-08
1.46979e-08
1.46807e-08
1.45954e-08
1.45518e-08
1.4438e-08
1.43682e-08
1.42262e-08
1.41306e-08
1.39607e-08
1.38396e-08
1.36421e-08
1.34957e-08
1.32709e-08
1.30994e-08
1.28476e-08
1.26511e-08
1.23726e-08
1.21513e-08
1.18463e-08
1.16004e-08
1.12693e-08
1.09991e-08
1.06423e-08
1.03482e-08
9.96645e-09
9.6492e-09
9.24329e-09
8.90373e-09
8.47484e-09
8.1141e-09
7.66365e-09
7.28312e-09
6.81274e-09
6.41404e-09
5.92558e-09
5.51049e-09
5.00595e-09
4.57637e-09
4.0578e-09
3.61566e-09
3.08516e-09
2.63236e-09
2.09196e-09
1.63034e-09
1.08199e-09
6.1329e-10
5.88147e-11
-4.15342e-10
-9.74204e-10
-1.4523e-09
-2.0139e-09
-2.49448e-09
-3.05723e-09
-3.53887e-09
-4.10118e-09
-4.58244e-09
-5.14269e-09
-5.62207e-09
-6.17856e-09
-6.65446e-09
-7.20536e-09
-7.67607e-09
-8.21945e-09
-8.6831e-09
-9.21689e-09
-9.67149e-09
-1.01935e-08
-1.06369e-08
-1.11449e-08
-1.1575e-08
-1.20665e-08
-1.2481e-08
-1.29538e-08
-1.33505e-08
-1.38022e-08
-1.4179e-08
-1.46073e-08
-1.49621e-08
-1.53651e-08
-1.56961e-08
-1.60718e-08
-1.63774e-08
-1.67242e-08
-1.70028e-08
-1.73195e-08
-1.757e-08
-1.78552e-08
-1.80766e-08
-1.83295e-08
-1.8521e-08
-1.87407e-08
-1.89016e-08
-1.90875e-08
-1.92172e-08
-1.93686e-08
-1.94665e-08
-1.95828e-08
-1.96482e-08
-1.97287e-08
-1.97611e-08
-1.98051e-08
-1.98037e-08
-1.98105e-08
-1.97745e-08
-1.97434e-08
-1.9672e-08
-1.96023e-08
-1.94949e-08
-1.9386e-08
-1.92421e-08
-1.90936e-08
-1.89126e-08
-1.87243e-08
-1.85062e-08
-1.82781e-08
-1.8023e-08
-1.77554e-08
-1.74636e-08
-1.71573e-08
-1.68295e-08
-1.64853e-08
-1.61226e-08
-1.57416e-08
-1.53451e-08
-1.49289e-08
-1.45e-08
-1.40502e-08
-1.35904e-08
-1.31088e-08
-1.26198e-08
-1.21083e-08
-1.15917e-08
-1.1052e-08
-1.05097e-08
-9.94378e-09
-9.37729e-09
-8.78696e-09
-8.19795e-09
-7.58501e-09
-6.97506e-09
-6.34127e-09
-5.71194e-09
-5.05908e-09
-4.41194e-09
-3.74182e-09
-3.0785e-09
-2.39303e-09
-1.71528e-09
-1.01651e-09
-3.26251e-10
3.83578e-10
1.08422e-09
1.80265e-09
2.51134e-09
3.23568e-09
3.94984e-09
4.67719e-09
5.39407e-09
6.12134e-09
6.83801e-09
7.562e-09
8.27544e-09
8.99288e-09
9.70004e-09
1.04077e-08
1.11055e-08
1.18001e-08
1.24858e-08
1.31643e-08
1.38349e-08
1.44944e-08
1.51475e-08
1.57852e-08
1.64182e-08
1.70316e-08
1.76423e-08
1.8229e-08
1.88152e-08
1.9373e-08
1.99327e-08
2.04593e-08
2.09906e-08
2.14841e-08
2.19851e-08
2.24434e-08
2.29122e-08
2.33332e-08
2.3768e-08
2.41498e-08
2.45485e-08
2.4889e-08
2.52499e-08
2.55471e-08
2.58681e-08
2.61199e-08
2.63992e-08
2.66036e-08
2.68393e-08
2.69945e-08
2.71848e-08
2.7289e-08
2.74323e-08
2.74839e-08
2.75789e-08
2.75768e-08
2.76222e-08
2.75653e-08
2.75605e-08
2.74482e-08
2.73925e-08
2.72245e-08
2.71178e-08
2.68941e-08
2.67365e-08
2.64574e-08
2.62494e-08
2.59154e-08
2.56575e-08
2.52695e-08
2.49624e-08
2.45213e-08
2.4166e-08
2.36728e-08
2.32702e-08
2.27261e-08
2.22772e-08
2.16834e-08
2.11892e-08
2.0547e-08
2.00086e-08
1.93193e-08
1.8738e-08
1.8003e-08
1.73801e-08
1.6601e-08
1.59379e-08
1.51166e-08
1.4415e-08
1.35535e-08
1.28153e-08
1.19158e-08
1.11431e-08
1.02082e-08
9.4035e-09
8.4361e-09
7.602e-09
6.60516e-09
5.74465e-09
4.72175e-09
3.838e-09
2.79264e-09
1.88903e-09
8.2496e-10
-9.49943e-11
-1.17387e-09
-2.10656e-09
-3.19626e-09
-4.13802e-09
-5.23455e-09
-6.18173e-09
-7.28111e-09
-8.23007e-09
-9.32835e-09
-1.02755e-08
-1.13688e-08
-1.23108e-08
-1.33953e-08
-1.43285e-08
-1.54005e-08
-1.63216e-08
-1.73774e-08
-1.82831e-08
-1.93189e-08
-2.02058e-08
-2.1218e-08
-2.20826e-08
-2.30675e-08
-2.39064e-08
-2.48601e-08
-2.56697e-08
-2.65884e-08
-2.73652e-08
-2.82449e-08
-2.89854e-08
-2.98222e-08
-3.05226e-08
-3.13127e-08
-3.19694e-08
-3.2709e-08
-3.33186e-08
-3.4004e-08
-3.4563e-08
-3.51908e-08
-3.56961e-08
-3.62629e-08
-3.67116e-08
-3.72144e-08
-3.76038e-08
-3.804e-08
-3.83676e-08
-3.87347e-08
-3.89984e-08
-3.92942e-08
-3.94921e-08
-3.97148e-08
-3.98453e-08
-3.99934e-08
-4.00551e-08
-4.01271e-08
-4.01189e-08
-4.01139e-08
-4.00348e-08
-3.99519e-08
-3.98011e-08
-3.96395e-08
-3.94165e-08
-3.91759e-08
-3.88802e-08
-3.85602e-08
-3.81915e-08
-3.77921e-08
-3.73504e-08
-3.68718e-08
-3.63571e-08
-3.57996e-08
-3.52124e-08
-3.45767e-08
-3.39177e-08
-3.32048e-08
-3.24747e-08
-3.1686e-08
-3.08863e-08
-3.00234e-08
-2.91556e-08
-2.82206e-08
-2.72868e-08
-2.62823e-08
-2.52848e-08
-2.42135e-08
-2.3155e-08
-2.20202e-08
-2.09037e-08
-1.97088e-08
-1.85376e-08
-1.72865e-08
-1.60641e-08
-1.47609e-08
-1.34909e-08
-1.21397e-08
-1.08262e-08
-9.4314e-09
-8.07828e-09
-6.64452e-09
-5.25599e-09
-3.78796e-09
-2.36829e-09
-8.70829e-10
5.75547e-10
2.09746e-09
3.566e-09
5.10722e-09
6.59324e-09
8.14847e-09
9.64713e-09
1.12109e-08
1.27172e-08
1.4284e-08
1.57927e-08
1.73567e-08
1.88626e-08
2.04178e-08
2.19155e-08
2.34558e-08
2.49397e-08
2.64591e-08
2.79235e-08
2.94157e-08
3.08548e-08
3.23135e-08
3.37218e-08
3.51407e-08
3.65123e-08
3.78853e-08
3.92146e-08
4.05355e-08
4.1817e-08
4.30798e-08
4.4308e-08
4.5507e-08
4.66767e-08
4.78062e-08
4.89123e-08
4.9967e-08
5.10046e-08
5.19792e-08
5.29437e-08
5.38332e-08
5.47201e-08
5.55198e-08
5.63248e-08
5.70302e-08
5.77492e-08
5.83559e-08
5.8985e-08
5.94889e-08
6.00244e-08
6.04217e-08
6.08601e-08
6.11472e-08
6.14852e-08
6.16587e-08
6.18934e-08
6.19505e-08
6.20791e-08
6.2017e-08
6.20373e-08
6.18538e-08
6.17638e-08
6.1457e-08
6.1255e-08
6.08237e-08
6.05086e-08
5.99518e-08
5.95228e-08
5.884e-08
5.82969e-08
5.74881e-08
5.68309e-08
5.58968e-08
5.51262e-08
5.40677e-08
5.31845e-08
5.20031e-08
5.1009e-08
4.97066e-08
4.86033e-08
4.71824e-08
4.59721e-08
4.44355e-08
4.31209e-08
4.14719e-08
4.00561e-08
3.82983e-08
3.67846e-08
3.49221e-08
3.33144e-08
3.13518e-08
2.96541e-08
2.75964e-08
2.58133e-08
2.36657e-08
2.18022e-08
1.95705e-08
1.76319e-08
1.53224e-08
1.33143e-08
1.09336e-08
8.86214e-09
6.41731e-09
4.28903e-09
1.78754e-09
-3.90713e-10
-2.94101e-09
-5.16202e-09
-7.75291e-09
-1.00092e-08
-1.26321e-08
-1.49158e-08
-1.7562e-08
-1.9865e-08
-2.25254e-08
-2.48396e-08
-2.75049e-08
-2.98217e-08
-3.24826e-08
-3.47936e-08
-3.74404e-08
-3.97368e-08
-4.23599e-08
-4.46331e-08
-4.72228e-08
-4.94639e-08
-5.20104e-08
-5.42105e-08
-5.6704e-08
-5.88543e-08
-6.1285e-08
-6.33764e-08
-6.57344e-08
-6.77582e-08
-7.00338e-08
-7.1981e-08
-7.41644e-08
-7.60262e-08
-7.81079e-08
-7.98755e-08
-8.1846e-08
-8.35109e-08
-8.53607e-08
-8.69144e-08
-8.86346e-08
-9.00688e-08
-9.16504e-08
-9.29573e-08
-9.43918e-08
-9.55635e-08
-9.68428e-08
-9.7872e-08
-9.89883e-08
-9.98679e-08
-1.00814e-07
-1.01537e-07
-1.02306e-07
-1.02867e-07
-1.03453e-07
-1.03846e-07
-1.04242e-07
-1.04462e-07
-1.04663e-07
-1.04706e-07
-1.04708e-07
-1.04568e-07
-1.04367e-07
-1.04042e-07
-1.03634e-07
-1.0312e-07
-1.02502e-07
-1.01797e-07
-1.00967e-07
-1.00069e-07
-9.90259e-08
-9.79331e-08
-9.66757e-08
-9.53876e-08
-9.39157e-08
-9.24322e-08
-9.07465e-08
-8.90681e-08
-8.71699e-08
-8.52978e-08
-8.31892e-08
-8.11255e-08
-7.88095e-08
-7.65568e-08
-7.4037e-08
-7.15989e-08
-6.88799e-08
-6.62604e-08
-6.33478e-08
-6.05519e-08
-5.74517e-08
-5.44851e-08
-5.12044e-08
-4.80735e-08
-4.46203e-08
-4.13322e-08
-3.77149e-08
-3.42774e-08
-3.05055e-08
-2.69271e-08
-2.30107e-08
-1.93006e-08
-1.52505e-08
-1.14184e-08
-7.24608e-09
-3.30242e-09
9.79913e-10
5.02419e-09
9.40373e-09
1.35371e-08
1.80004e-08
2.22108e-08
2.67438e-08
3.10185e-08
3.56067e-08
3.99326e-08
4.45608e-08
4.89242e-08
5.35767e-08
5.79636e-08
6.26242e-08
6.70198e-08
7.16718e-08
7.60612e-08
8.06877e-08
8.50555e-08
8.9639e-08
9.39695e-08
9.84922e-08
1.02769e-07
1.07213e-07
1.11421e-07
1.15768e-07
1.1989e-07
1.24122e-07
1.28142e-07
1.3224e-07
1.36142e-07
1.40088e-07
1.43854e-07
1.47631e-07
1.51246e-07
1.54834e-07
1.58282e-07
1.61664e-07
1.64928e-07
1.68087e-07
1.71151e-07
1.74069e-07
1.76918e-07
1.79579e-07
1.82198e-07
1.84584e-07
1.86958e-07
1.89053e-07
1.91167e-07
1.92957e-07
1.94797e-07
1.96266e-07
1.97819e-07
1.98952e-07
2.00205e-07
2.00989e-07
2.0193e-07
2.02352e-07
2.02968e-07
2.03016e-07
2.03297e-07
2.0296e-07
2.02896e-07
2.02164e-07
2.01746e-07
2.00609e-07
1.99829e-07
1.9828e-07
1.97129e-07
1.95161e-07
1.93635e-07
1.91242e-07
1.89334e-07
1.86512e-07
1.8422e-07
1.80966e-07
1.78285e-07
1.74598e-07
1.71528e-07
1.67406e-07
1.63946e-07
1.59391e-07
1.55542e-07
1.50556e-07
1.46319e-07
1.40907e-07
1.36286e-07
1.30453e-07
1.25453e-07
1.19205e-07
1.13831e-07
1.07176e-07
1.01436e-07
9.43854e-08
8.82868e-08
8.08515e-08
7.44047e-08
6.65975e-08
5.98139e-08
5.16494e-08
4.45416e-08
3.60361e-08
2.86182e-08
1.97893e-08
1.20771e-08
2.94409e-09
-5.04563e-09
-1.44617e-08
-2.27106e-08
-3.23873e-08
-4.08755e-08
-5.0789e-08
-5.94955e-08
-6.96202e-08
-7.85226e-08
-8.88316e-08
-9.79062e-08
-1.08371e-07
-1.17593e-07
-1.28185e-07
-1.37528e-07
-1.48215e-07
-1.57652e-07
-1.68403e-07
-1.77906e-07
-1.88686e-07
-1.98225e-07
-2.09002e-07
-2.18546e-07
-2.29283e-07
-2.38802e-07
-2.49463e-07
-2.58924e-07
-2.69471e-07
-2.78841e-07
-2.89236e-07
-2.98481e-07
-3.08685e-07
-3.17771e-07
-3.27744e-07
-3.36634e-07
-3.46336e-07
-3.54994e-07
-3.64384e-07
-3.72774e-07
-3.8181e-07
-3.89895e-07
-3.98535e-07
-4.06278e-07
-4.1448e-07
-4.21842e-07
-4.29564e-07
-4.36508e-07
-4.43708e-07
-4.50195e-07
-4.56831e-07
-4.62823e-07
-4.68853e-07
-4.74313e-07
-4.79694e-07
-4.84584e-07
-4.89277e-07
-4.93559e-07
-4.97522e-07
-5.01159e-07
-5.04352e-07
-5.07308e-07
-5.09692e-07
-5.1193e-07
-5.13468e-07
-5.14953e-07
-5.15606e-07
-5.16302e-07
-5.16035e-07
-5.15909e-07
-5.14686e-07
-5.13705e-07
-5.11492e-07
-5.09624e-07
-5.06388e-07
-5.03602e-07
-4.99313e-07
-4.95578e-07
-4.90207e-07
-4.85494e-07
-4.79014e-07
-4.73296e-07
-4.65681e-07
-4.58932e-07
-4.50157e-07
-4.42353e-07
-4.32398e-07
-4.23515e-07
-4.1236e-07
-4.02378e-07
-3.90005e-07
-3.78905e-07
-3.653e-07
-3.53063e-07
-3.38214e-07
-3.24824e-07
-3.08721e-07
-2.94166e-07
-2.76801e-07
-2.61068e-07
-2.42438e-07
-2.25517e-07
-2.05619e-07
-1.87503e-07
-1.66338e-07
-1.47021e-07
-1.24593e-07
-1.04072e-07
-8.03874e-08
-5.8661e-08
-3.37295e-08
-1.07987e-08
1.53673e-08
3.94993e-08
6.68843e-08
9.2212e-08
1.20798e-07
1.47313e-07
1.77078e-07
2.04771e-07
2.3569e-07
2.64548e-07
2.96594e-07
3.26602e-07
3.59744e-07
3.90886e-07
4.25089e-07
4.57345e-07
4.92573e-07
5.25921e-07
5.62134e-07
5.96549e-07
6.33704e-07
6.69161e-07
7.07212e-07
7.43681e-07
7.82579e-07
8.2003e-07
8.59723e-07
8.98124e-07
9.38557e-07
9.77872e-07
1.01899e-06
1.05918e-06
1.10092e-06
1.14195e-06
1.18425e-06
1.22608e-06
1.26887e-06
1.31145e-06
1.35467e-06
1.39797e-06
1.44154e-06
1.4855e-06
1.52937e-06
1.57394e-06
1.61801e-06
1.66316e-06
1.70736e-06
1.75302e-06
1.79729e-06
1.84341e-06
1.88765e-06
1.93419e-06
1.97832e-06
2.02521e-06
2.06916e-06
2.11635e-06
2.16002e-06
2.20746e-06
2.25077e-06
2.2984e-06
2.34126e-06
2.38903e-06
2.43134e-06
2.47918e-06
2.52088e-06
2.56873e-06
2.60971e-06
2.65752e-06
2.69769e-06
2.7454e-06
2.78468e-06
2.83222e-06
2.87051e-06
2.91784e-06
2.95505e-06
3.0021e-06
3.03814e-06
3.08485e-06
3.11963e-06
3.16595e-06
3.19938e-06
3.24525e-06
3.27724e-06
3.3226e-06
3.35307e-06
3.39786e-06
3.42672e-06
3.47089e-06
3.49805e-06
3.54155e-06
3.56693e-06
3.60969e-06
3.63321e-06
3.6752e-06
3.69677e-06
3.73793e-06
3.75747e-06
3.79776e-06
3.8152e-06
3.85456e-06
3.86982e-06
3.90822e-06
3.92123e-06
3.95861e-06
3.9693e-06
4.00563e-06
4.01393e-06
4.04917e-06
4.05501e-06
4.08913e-06
4.09246e-06
4.12541e-06
4.12616e-06
4.15792e-06
4.15604e-06
4.18658e-06
4.18201e-06
4.2113e-06
4.204e-06
4.23202e-06
4.22193e-06
4.24865e-06
4.23575e-06
4.26116e-06
4.24539e-06
4.26946e-06
4.2508e-06
4.27353e-06
4.25195e-06
4.27332e-06
4.24878e-06
4.26879e-06
4.24127e-06
4.25991e-06
4.2294e-06
4.24666e-06
4.21315e-06
4.22904e-06
4.19251e-06
4.20703e-06
4.16747e-06
4.18063e-06
4.13805e-06
4.14985e-06
4.10425e-06
4.11471e-06
4.06609e-06
4.07523e-06
4.02359e-06
4.03143e-06
3.9768e-06
3.98335e-06
3.92575e-06
3.93103e-06
3.87049e-06
3.87454e-06
3.81107e-06
3.81391e-06
3.74756e-06
3.74922e-06
3.68001e-06
3.68053e-06
3.60851e-06
3.60792e-06
3.53314e-06
3.53148e-06
3.45398e-06
3.4513e-06
3.37113e-06
3.36746e-06
3.28468e-06
3.28008e-06
3.19475e-06
3.18925e-06
3.10143e-06
3.0951e-06
3.00485e-06
2.99773e-06
2.90513e-06
2.89728e-06
2.8024e-06
2.79386e-06
2.69678e-06
2.68762e-06
2.58842e-06
2.57869e-06
2.47744e-06
2.4672e-06
2.364e-06
2.35332e-06
2.24825e-06
2.23717e-06
2.13032e-06
2.11893e-06
2.01039e-06
1.99873e-06
1.8886e-06
1.87673e-06
1.76511e-06
1.75311e-06
1.64008e-06
1.62801e-06
1.51369e-06
1.50161e-06
1.38608e-06
1.37406e-06
1.25743e-06
1.24553e-06
1.12791e-06
1.11619e-06
9.97685e-07
9.8621e-07
8.6692e-07
8.55753e-07
7.35784e-07
7.24989e-07
6.04446e-07
5.94085e-07
4.73073e-07
4.63206e-07
3.41833e-07
3.32519e-07
2.1089e-07
2.02187e-07
8.04079e-08
7.2374e-08
-4.94507e-08
5.61417e-06
1.64286e-05
3.1015e-05
4.61624e-05
5.80867e-05
6.58e-05
8.73713e-05
0.000158962
0.000331101
0.000663392
0.00120896
0.00196272
0.00285998
0.00378801
0.00459888
0.00512314
0.00519417
0.00465637
0.00337024
0.00121496
-0.00186777
-0.00572095
-0.00997292
